21
20
15
21
10
18
15
13
19
11
9
17
27
25
9
10
8
9
24
13
11
18
17
18
12
16
19
14
15
9
19
9
9
17
25
14
29
28
19
14
35
27
23
21
13
15
13
28
18
25
23
22
28
11
15
12
19
11
29
24
21
18
21
10
28
15
22
20
18
14
28
23
12
22
7
19
14
29
21
26
18
23
12
17
23
17
25
13
24
16
15
25
16
33
18
19
15
15
22
24
16
14
27
17
12
28
12
34
15
22
7
20
10
21
15
14
22
13
15
22
15
19
22
18
33
21
16
12
11
17
19
17
20
27
24
22
13
10
13
20
12
20
11
14
15
18
7
14
32
6
15
21
20
19
24
22
23
6
19
8
9
7
6
18
16
26
21
5
24
20
21
15
10
11
24
13
12
20
20
26
28
16
16
16
27
19
27
13
19
20
18
18
10
8
13
22
11
17
28
22
14
26
10
15
10
17
16
17
16
16
18
22
23
18
6
19
21
20
18
18
10
12
15
15
16
24
24
18
21
20
32
7
14
25
28
18
18
6
16
18
21
20
24
32
14
15
6
19
33
13
21
11
17
14
18
18
26
22
18
25
20
23
31
22
20
19
15
21
20
11
19
19
21
14
19
26
19
21
11
21
22
25
12
16
10
14
9
22
23
23
15
19
26
9
19
21
10
11
12
18
21
25
11
11
19
11
24
21
14
11
11
19
18
21
20
11
25
30
26
18
12
22
19
11
13
26
11
25
20
16
33
23
25
19
13
11
27
20
27
17
21
14
16
21
26
19
24
13
27
18
17
22
23
14
