26
22
24
20
17
21
25
15
9
15
11
16
15
24
17
22
7
23
15
11
12
13
16
30
20
20
11
20
19
31
20
6
26
10
13
16
14
21
21
23
18
19
19
12
27
21
23
22
10
21
20
10
13
11
22
18
23
14
23
24
28
9
20
37
30
13
21
18
17
26
19
10
22
16
20
29
28
11
23
13
26
15
24
13
24
16
12
15
20
28
25
29
31
33
27
17
26
29
16
4
20
24
19
14
24
20
25
21
13
15
16
24
14
28
26
12
3
23
26
20
20
16
24
8
20
21
6
26
26
28
26
25
23
33
27
16
23
9
25
16
16
29
5
24
20
26
18
15
31
15
9
15
22
14
9
15
14
33
11
24
18
29
19
17
24
20
18
20
14
22
27
25
24
6
14
5
26
29
22
23
18
31
11
24
26
18
11
22
14
19
21
22
21
24
19
16
23
14
25
16
17
21
15
7
23
12
9
33
12
13
20
17
15
13
14
32
25
26
20
19
23
26
19
19
1
22
22
11
10
22
17
32
12
23
14
17
12
20
26
30
23
17
22
15
24
17
31
17
23
18
25
13
18
26
28
16
18
22
21
22
26
3
15
19
22
15
29
10
14
19
12
23
20
16
19
24
20
22
21
15
13
24
23
19
26
22
15
26
16
21
16
12
14
2
12
12
15
20
20
13
9
25
9
13
26
31
23
23
21
18
23
24
20
22
29
11
21
19
13
15
30
22
22
21
23
7
10
11
8
20
20
10
22
22
21
8
20
24
25
27
23
30
19
27
22
20
19
25
22
19
32
20
22
18
19
9
20
18
18
23
22
21
10
12
