27
26
13
6
31
10
21
14
12
24
40
19
14
17
31
26
43
24
16
10
42
19
32
30
25
33
34
31
30
23
20
33
17
29
27
16
25
14
21
33
20
13
27
39
27
19
36
5
6
38
21
25
17
8
25
19
30
15
23
11
28
11
20
12
30
33
18
16
23
18
16
16
22
28
19
24
20
28
38
10
27
27
23
16
7
31
30
17
30
15
33
12
21
21
15
17
22
22
30
10
18
8
6
5
33
36
27
32
22
22
20
26
15
20
28
11
31
4
10
16
19
22
23
0
22
14
27
29
22
49
11
17
15
31
30
34
17
33
14
14
14
10
9
6
26
5
15
21
31
4
11
7
28
37
12
6
25
11
12
22
17
8
29
7
32
13
17
14
32
33
23
24
21
14
35
37
23
7
25
28
26
29
12
1
25
10
29
31
13
21
25
32
17
22
21
33
21
20
11
9
21
19
35
13
10
7
27
28
14
35
21
16
33
5
9
30
20
14
35
33
16
45
15
43
30
31
22
19
35
22
18
6
34
31
14
3
17
25
19
29
14
24
19
33
25
21
27
16
22
24
34
21
25
17
34
20
9
31
20
19
28
12
28
20
26
34
27
17
32
17
28
13
13
26
11
15
26
15
33
34
8
19
18
27
16
9
14
16
24
3
21
24
24
9
26
10
21
4
24
26
24
1
27
30
8
8
2
23
15
14
21
12
32
31
10
13
33
28
8
13
22
34
29
19
3
13
17
30
5
12
7
4
16
39
35
16
14
22
26
28
27
23
13
33
27
30
25
29
41
12
27
12
32
27
11
33
3
29
23
10
25
19
16
8
