29
17
45
26
29
30
30
19
17
10
16
13
15
24
12
5
29
20
38
27
16
27
19
48
29
11
19
20
25
9
24
12
22
22
7
32
24
21
15
20
25
25
19
17
16
10
25
11
14
18
17
14
28
27
16
20
36
20
34
5
16
6
3
30
16
18
35
13
26
16
27
14
18
6
11
20
9
32
7
40
33
26
21
29
20
29
16
6
21
23
30
33
32
29
27
19
22
20
23
17
20
19
26
28
22
26
12
11
32
17
28
31
29
38
10
11
23
12
41
12
8
9
22
27
37
11
14
15
16
35
19
17
29
25
18
10
11
23
26
15
38
33
22
26
9
22
17
21
12
5
21
18
20
29
19
24
40
30
24
18
13
11
27
27
26
12
23
11
11
28
16
19
20
28
31
20
21
22
28
9
33
3
25
27
27
27
31
33
17
26
15
17
27
12
20
16
4
39
22
4
18
21
13
7
27
21
21
21
28
12
8
15
9
27
33
23
38
30
30
25
13
19
8
31
18
9
31
13
30
26
19
14
28
36
14
21
17
40
12
16
27
28
29
16
28
17
34
16
23
26
21
18
23
23
15
13
28
32
39
40
13
38
16
27
16
39
11
28
19
21
22
10
19
24
31
25
15
33
25
22
25
15
29
38
8
29
47
17
35
12
24
8
14
16
13
26
35
33
9
14
17
35
24
31
17
15
11
37
27
28
1
19
22
18
35
28
22
5
39
11
9
18
23
19
13
19
12
14
33
28
24
33
27
23
27
17
14
20
31
27
21
7
28
18
21
23
8
36
23
21
28
14
17
20
