17
13
12
22
20
9
18
6
23
27
17
17
18
15
6
25
16
11
26
28
15
6
23
20
14
13
25
12
25
20
22
12
29
11
17
26
21
25
16
21
25
22
20
22
19
16
22
17
27
19
25
22
24
31
22
21
14
14
24
16
21
7
8
17
7
25
21
26
17
22
18
14
13
11
25
17
26
26
25
26
21
23
14
26
14
22
25
18
13
21
30
6
19
11
24
13
9
20
21
14
27
16
18
21
8
9
22
25
12
25
22
16
15
20
33
20
22
22
15
27
16
9
20
16
31
22
19
20
19
30
11
24
10
13
22
14
20
14
30
29
30
25
24
25
22
19
16
19
14
29
19
14
31
5
24
22
28
22
12
18
15
20
27
18
15
29
13
21
14
25
18
24
29
22
29
25
9
22
27
11
19
12
10
19
16
11
26
8
24
15
22
19
14
21
25
13
19
21
11
18
15
19
14
20
24
13
20
14
16
9
21
12
18
10
14
21
26
12
15
13
6
15
25
20
20
7
15
23
25
15
20
23
13
23
16
9
21
21
17
16
22
15
17
8
10
20
16
24
19
30
21
11
11
8
22
20
15
13
19
21
16
21
20
22
10
24
29
22
17
26
28
24
24
15
27
10
22
24
10
12
31
18
10
25
23
20
21
22
33
21
17
28
19
17
26
7
10
18
17
25
16
15
10
20
14
19
11
27
23
11
12
11
14
26
16
21
17
17
20
31
17
7
15
16
24
12
19
30
25
27
20
25
19
9
17
13
24
17
16
11
25
26
17
21
16
6
22
20
10
24
11
22
25
15
14
27
26
15
24
7
21
17
13
16
28
16
16
14
17
29
17
24
25
22
16
22
24
23
18
24
10
12
20
14
13
26
11
22
11
22
24
14
22
20
25
