9
14
23
25
32
26
40
20
22
9
34
14
23
21
28
24
40
37
23
27
29
21
14
24
12
19
36
19
15
33
20
23
16
22
17
13
36
26
26
13
24
24
26
16
29
30
14
21
15
31
37
16
36
19
25
27
18
13
17
32
32
5
21
19
15
40
19
14
15
20
22
17
26
19
13
25
31
18
25
33
24
36
14
22
39
17
30
33
30
16
13
16
34
28
17
28
20
32
28
15
32
27
5
30
35
24
23
28
16
31
26
21
19
21
16
9
22
29
15
24
32
14
34
24
25
11
23
29
23
16
22
24
20
16
24
12
30
31
24
4
16
8
34
27
20
24
25
22
21
18
32
19
11
28
35
24
32
32
30
15
13
23
25
15
42
29
42
34
23
16
35
24
12
36
15
5
12
25
20
23
13
43
22
31
22
16
29
25
24
17
17
41
23
25
16
16
28
18
35
24
23
11
33
16
28
15
11
11
31
37
17
15
31
16
33
3
35
16
29
23
27
16
40
10
35
18
38
28
27
16
25
37
32
7
28
30
28
19
43
25
41
24
16
29
32
41
37
47
18
20
9
19
18
37
36
20
18
23
18
23
16
14
30
11
19
23
24
28
12
30
28
27
31
14
16
32
22
17
36
32
37
23
38
38
13
19
28
30
22
16
30
27
16
27
26
18
15
19
29
23
47
24
27
15
23
36
28
17
32
32
29
19
29
8
17
32
20
24
17
15
33
21
15
16
40
24
28
29
21
7
24
21
14
32
21
31
13
31
15
21
22
23
21
13
14
24
35
35
47
36
34
30
24
26
25
45
13
34
24
26
26
24
37
19
9
31
11
22
9
18
21
19
33
14
16
44
15
21
33
16
24
20
29
25
18
16
15
9
34
3
35
30
18
19
23
