18
31
15
23
33
19
23
29
14
34
13
21
17
23
14
25
16
25
5
16
27
33
27
18
31
28
16
11
30
29
22
26
34
29
17
20
27
16
34
33
29
23
16
24
28
13
35
29
8
13
16
29
29
21
22
14
22
23
33
29
20
24
42
34
9
31
10
31
30
16
17
34
30
35
30
20
28
24
18
16
23
23
12
28
32
30
29
30
24
19
23
22
29
33
29
27
19
10
19
10
31
31
18
10
25
12
31
24
38
18
30
21
9
22
12
25
24
30
17
9
30
18
12
34
31
30
19
23
15
20
31
28
23
19
15
21
33
31
27
16
29
25
11
18
18
28
11
39
9
30
15
19
22
21
11
19
24
15
28
20
9
15
18
35
24
21
8
47
30
35
39
13
24
27
20
11
36
36
19
18
19
13
25
34
16
26
25
18
25
3
31
27
19
25
19
27
7
31
21
18
25
28
30
15
26
31
38
24
16
34
17
34
10
34
36
32
39
20
27
29
22
37
4
13
19
40
23
32
35
29
22
14
28
22
12
39
20
35
42
21
24
10
23
41
27
18
17
28
23
26
36
38
31
28
24
27
20
17
18
22
15
25
9
19
19
14
29
21
36
17
20
23
24
29
27
18
24
32
29
28
19
37
24
14
32
23
9
17
24
24
30
42
12
26
18
14
27
31
29
25
27
32
19
33
31
42
20
30
20
18
11
22
16
42
35
23
13
26
29
18
20
24
19
25
39
27
34
9
31
20
35
34
28
20
26
37
27
29
7
36
23
25
22
19
27
40
20
16
14
21
21
19
31
16
31
6
33
14
26
9
20
17
28
16
16
14
18
15
16
23
31
19
5
49
33
19
42
31
30
34
32
31
11
34
25
40
39
14
26
24
29
30
12
22
46
24
24
25
21
18
12
16
26
35
26
14
25
9
22
38
36
9
