24
23
8
17
18
16
18
27
17
16
22
14
23
20
24
21
7
19
20
31
21
20
16
17
18
18
22
18
23
20
15
24
31
22
3
12
17
9
33
21
11
15
29
11
16
15
18
18
21
20
24
24
23
18
22
28
23
25
24
18
23
21
17
20
22
24
27
15
16
22
29
9
20
20
17
20
21
18
27
18
20
22
20
23
18
11
11
17
30
29
26
8
25
23
22
22
18
19
33
13
15
22
16
22
25
13
27
21
34
21
10
18
17
25
21
22
20
15
13
15
23
13
18
30
24
14
23
18
12
19
26
13
22
18
12
13
13
10
14
18
13
13
13
21
25
11
22
22
2
19
17
32
19
19
25
23
20
12
26
19
14
9
20
18
24
21
24
37
29
6
14
19
10
21
14
25
20
15
21
12
6
16
17
25
29
12
6
24
29
21
25
21
17
14
16
14
20
8
20
15
14
22
11
16
15
23
21
8
10
27
20
23
28
8
26
18
18
20
22
23
28
16
17
14
28
22
8
23
26
20
21
2
19
18
25
14
11
15
24
10
25
18
20
19
22
14
13
24
8
14
33
26
19
8
17
11
22
17
29
34
18
14
12
15
18
22
16
18
13
16
13
17
10
21
22
19
16
21
12
19
16
14
17
6
25
19
27
17
16
17
19
16
12
12
26
25
15
9
8
21
32
25
14
20
18
23
21
22
27
23
21
20
23
7
11
6
25
29
19
12
18
8
17
29
20
24
19
21
12
11
19
21
12
24
19
17
20
27
20
31
19
23
9
31
28
29
13
18
22
20
18
13
21
20
20
29
14
25
12
8
22
19
18
21
15
13
21
18
26
11
21
23
14
25
21
24
8
19
15
21
18
25
26
24
18
12
19
18
13
20
17
24
23
15
21
20
16
14
13
18
8
14
9
13
14
18
14
20
10
25
17
16
