21
29
24
34
22
28
32
31
19
19
19
25
21
20
27
19
19
29
12
4
28
17
24
17
39
35
23
40
35
17
27
8
21
24
15
32
36
30
30
21
17
20
24
24
19
21
24
21
29
16
27
16
24
11
16
4
32
27
19
34
19
19
15
21
20
16
25
16
26
28
33
9
20
33
23
15
29
29
34
19
23
33
25
8
33
27
25
19
1
13
33
23
23
26
30
21
26
23
40
17
8
39
38
14
25
30
37
16
5
28
30
23
18
21
30
35
33
18
41
24
20
23
25
21
27
34
36
27
47
22
22
24
37
31
8
3
26
-1
21
14
24
26
14
20
18
34
35
7
17
18
26
35
15
31
15
33
18
40
27
9
23
20
24
30
18
24
24
8
19
11
20
21
26
24
11
17
23
14
31
14
33
23
16
23
33
15
35
13
16
19
17
19
27
21
26
14
21
18
8
21
10
16
8
20
32
29
22
12
34
30
24
30
26
25
38
14
21
36
21
22
23
22
14
24
18
17
21
21
31
16
20
27
19
38
4
21
31
22
35
24
28
24
12
30
13
18
12
19
28
14
21
12
30
18
19
25
38
10
11
18
30
28
22
25
14
29
31
27
27
9
15
16
6
34
32
33
31
25
30
26
26
34
23
25
36
11
19
25
15
20
34
23
21
34
30
29
28
32
13
7
18
10
26
37
39
15
14
49
30
26
25
36
21
7
32
20
31
26
4
27
26
19
19
21
32
21
20
16
37
36
36
20
38
29
32
20
27
11
27
31
18
23
16
22
24
23
18
22
40
27
36
36
20
35
2
16
28
18
8
21
18
27
30
36
19
19
24
32
27
23
20
21
21
39
11
29
28
23
27
25
11
33
13
13
20
33
24
22
14
30
30
34
19
20
17
31
18
30
35
5
25
33
26
25
21
22
17
37
32
21
30
13
