22
15
11
21
15
25
10
20
24
15
24
16
14
13
33
14
20
23
18
28
13
27
20
19
19
24
14
28
29
20
3
10
27
17
22
11
17
19
20
16
22
18
25
18
11
21
15
20
8
22
12
19
13
22
25
18
19
14
28
18
22
20
24
15
21
19
13
20
22
22
20
21
22
14
13
21
8
16
7
17
16
18
17
23
17
21
18
27
26
18
17
18
16
11
8
17
25
21
16
23
23
19
17
28
11
28
12
17
9
15
28
23
22
22
19
14
20
14
15
20
17
19
18
22
23
16
13
28
18
16
21
18
10
16
15
26
11
14
10
19
13
22
17
25
18
17
21
16
18
20
24
21
30
24
21
29
25
8
15
28
17
18
15
26
24
10
21
15
16
28
18
27
15
21
29
22
16
18
13
22
6
21
18
9
10
22
22
18
28
24
15
19
12
19
14
19
29
24
27
15
21
25
17
29
2
33
25
14
12
14
26
25
22
14
19
12
11
17
25
16
23
12
11
24
23
16
13
16
14
28
22
17
24
15
25
19
16
17
18
17
20
19
23
10
27
18
19
16
12
14
16
15
16
14
16
11
19
10
21
23
25
35
5
25
20
24
29
16
19
9
26
26
18
23
18
27
20
26
18
14
17
20
25
14
29
19
17
21
12
21
5
15
29
16
19
10
12
22
19
18
27
21
14
20
22
16
15
32
26
24
18
14
11
24
13
22
7
23
25
16
16
21
27
20
19
32
21
12
20
14
9
20
33
22
18
18
16
20
15
28
24
22
14
14
12
19
17
26
17
20
21
21
23
24
15
17
16
20
14
18
25
16
21
24
25
10
27
27
23
22
29
11
18
7
26
16
17
15
15
19
19
31
21
11
18
14
22
19
14
14
11
18
25
21
24
10
14
25
24
31
9
24
20
15
24
22
16
5
19
15
20
19
