11
17
20
25
24
39
28
24
15
12
23
30
26
23
29
5
24
33
25
18
22
15
45
16
31
27
26
23
14
18
32
19
19
36
11
20
29
17
39
30
25
21
34
28
18
28
16
37
26
24
30
44
31
17
25
29
15
16
40
22
24
31
23
30
30
19
21
16
22
30
33
24
28
9
26
32
22
14
22
22
29
31
20
18
22
18
41
26
26
20
13
33
28
29
21
9
6
13
19
18
22
30
3
20
25
29
26
29
25
41
32
10
19
28
16
19
26
32
22
12
12
29
18
6
38
24
21
22
21
18
20
19
5
20
20
16
28
15
31
19
34
24
23
33
30
51
29
18
29
9
12
24
28
12
24
16
23
15
33
17
14
27
22
17
26
11
30
34
19
22
22
8
18
40
17
11
19
17
30
27
13
22
41
49
46
20
32
14
22
15
28
41
20
17
15
20
23
12
7
22
23
28
24
34
19
18
19
37
29
17
21
20
26
18
30
18
34
15
40
29
37
12
24
14
34
28
31
32
17
24
17
34
28
26
26
18
32
34
46
28
32
36
42
39
23
13
18
41
17
25
8
22
33
34
21
24
24
16
24
24
15
43
31
20
29
24
27
16
43
23
29
20
29
12
33
19
33
26
20
19
19
17
25
37
32
44
24
38
6
28
16
30
28
10
38
26
26
28
21
29
18
22
12
18
14
15
25
35
21
5
38
29
15
23
42
19
21
31
26
36
12
13
13
19
24
33
25
28
32
1
9
27
37
19
16
32
35
15
15
20
28
20
34
46
16
24
13
12
34
15
35
23
16
28
12
30
11
32
24
21
15
20
23
31
2
25
27
19
22
37
19
17
35
8
18
14
15
33
32
17
20
31
14
14
21
33
37
34
16
20
17
10
15
19
16
