21
21
14
14
9
21
15
24
17
18
14
11
23
18
21
29
12
14
18
23
30
16
26
18
11
22
14
21
10
18
22
20
14
15
20
11
22
15
19
10
21
21
15
17
21
24
23
15
19
14
15
22
22
19
12
17
41
15
17
22
19
7
22
18
29
20
21
14
22
14
17
27
7
19
20
14
13
15
14
16
27
19
7
17
25
14
23
14
24
26
24
24
17
18
19
14
15
12
27
13
21
12
16
27
22
20
21
15
24
13
23
23
18
17
12
22
16
22
22
9
24
14
18
13
18
32
21
14
20
15
21
15
16
11
14
24
11
17
13
17
13
11
23
15
20
18
7
24
20
10
21
25
17
23
3
22
19
12
12
26
24
21
25
30
29
19
20
22
17
15
14
32
21
12
19
14
19
23
19
24
22
21
16
24
17
15
19
15
14
27
17
31
11
25
17
13
4
21
18
20
16
16
18
25
18
17
7
23
12
18
22
21
25
33
24
23
15
23
15
15
23
23
24
21
28
25
14
21
13
28
26
13
26
20
31
30
19
12
13
18
22
21
21
8
19
18
7
30
19
18
20
18
11
24
35
22
15
15
25
23
13
24
13
26
12
17
20
14
13
14
19
16
21
20
21
23
20
18
16
22
21
12
17
5
18
16
22
15
9
14
14
13
17
12
18
11
20
16
20
16
20
18
22
23
30
22
23
16
16
29
17
19
17
8
18
28
18
28
17
23
24
19
9
31
11
16
17
18
15
-2
25
2
20
28
23
15
14
11
17
8
25
27
17
19
26
15
23
13
29
24
26
21
15
19
19
17
19
22
22
12
19
25
19
27
23
31
14
15
18
20
32
13
15
23
10
18
22
5
25
23
16
9
11
11
20
15
13
15
24
14
10
30
22
14
11
