26
35
22
30
38
23
25
20
30
20
33
46
32
35
13
28
24
20
39
38
25
28
35
25
18
21
13
26
25
20
17
30
32
22
13
27
41
29
30
20
32
21
23
27
27
28
26
21
28
33
36
19
37
29
31
24
30
30
47
35
28
41
23
21
12
34
36
28
31
18
37
35
28
20
14
29
35
24
28
27
8
26
23
44
24
30
25
26
38
23
34
16
33
28
15
19
29
24
24
28
27
18
18
17
25
18
20
36
23
38
20
30
30
12
28
31
22
41
17
31
35
11
22
29
33
47
29
4
26
40
19
29
29
31
20
33
28
35
18
25
12
18
40
33
27
21
36
22
31
30
20
26
24
26
26
21
19
34
27
30
35
41
24
31
21
18
35
35
29
29
31
28
26
18
43
18
21
19
17
24
27
35
25
38
19
22
25
26
37
7
25
34
28
8
26
26
19
49
15
27
35
23
23
38
20
12
20
23
31
26
23
17
25
37
41
18
28
22
15
20
31
28
14
37
30
35
28
33
8
31
31
18
12
29
29
30
30
40
26
24
23
23
21
26
22
36
41
26
21
21
17
32
28
19
14
24
25
33
20
32
14
37
28
17
21
21
20
24
17
26
43
30
31
31
25
33
37
30
28
15
32
24
45
36
24
36
35
19
33
29
27
18
28
14
18
12
28
20
36
34
32
30
35
15
22
17
21
49
26
18
29
17
37
21
14
40
27
21
46
23
31
27
35
29
26
38
29
14
30
37
15
25
25
15
43
24
24
34
34
33
28
24
31
21
37
25
30
29
38
15
14
17
30
36
16
17
7
23
35
26
25
27
28
15
35
18
25
13
22
21
15
18
30
9
5
24
30
8
40
36
36
18
21
19
19
24
17
32
31
39
24
31
33
37
31
30
31
24
24
37
13
20
19
15
25
27
29
15
14
36
10
19
29
32
27
13
21
22
27
32
15
23
23
7
39
30
43
27
24
36
25
14
38
32
27
24
25
9
30
22
27
21
28
23
23
24
23
23
12
32
28
10
19
30
22
30
17
29
18
18
25
22
32
19
32
34
16
3
32
14
39
23
27
15
19
24
33
38
23
21
22
28
27
32
35
30
27
18
37
26
30
22
24
21
25
32
36
26
27
33
15
31
37
20
34
23
16
31
26
17
23
24
38
30
22
9
31
37
23
34
23
22
36
32
33
39
18
19
31
32
25
20
33
30
34
16
35
30
19
26
20
23
23
39
41
3
37
12
20
24
26
27
23
37
22
12
26
27
24
19
26
35
17
18
34
37
30
36
30
20
20
23
32
18
26
26
15
37
41
21
32
35
27
33
23
21
38
29
31
9
15
40
37
20
35
28
34
22
30
16
19
17
15
18
45
32
19
24
30
24
24
13
19
26
31
31
14
21
16
10
16
8
23
31
35
21
19
18
28
27
37
14
19
36
21
17
44
26
26
26
13
35
30
42
29
15
24
15
42
41
26
32
22
28
25
23
31
27
45
19
27
11
21
26
27
13
27
21
28
13
37
29
40
33
25
21
23
30
20
26
24
20
28
35
24
12
28
30
35
41
45
36
23
40
33
16
24
29
19
26
21
16
29
15
32
24
38
32
40
29
28
44
34
36
16
36
25
27
18
24
19
38
7
37
37
9
27
22
42
38
35
13
32
30
36
30
25
33
30
25
17
36
24
30
12
30
44
22
21
24
20
20
27
16
27
34
20
7
23
27
35
34
29
29
19
24
37
47
16
28
33
32
41
23
17
23
32
23
4
26
35
26
20
36
34
16
37
29
29
30
37
19
24
9
17
25
27
34
31
33
26
13
16
33
26
17
22
32
34
38
21
32
27
40
29
29
42
33
27
28
31
24
6
22
17
20
17
20
33
20
34
2
32
33
34
10
31
21
31
25
24
31
35
35
24
20
33
16
21
28
29
25
24
29
23
26
36
30
21
30
33
33
32
15
41
24
22
23
36
22
23
25
32
24
31
27
32
29
20
20
24
30
23
22
17
28
14
32
19
21
37
27
28
32
34
13
20
39
32
29
31
27
29
9
28
25
34
18
36
16
34
31
23
37
26
31
21
18
15
12
25
31
22
18
24
26
24
27
35
32
20
31
24
22
44
28
22
37
35
22
34
13
28
23
34
26
33
27
30
22
28
33
21
23
18
17
31
24
14
19
20
33
26
33
35
26
6
23
29
32
19
12
34
38
31
24
25
21
41
32
20
22
10
14
20
30
28
23
15
42
39
14
20
20
32
41
27
19
35
31
23
29
20
33
22
32
27
47
20
32
20
20
34
47
16
36
38
28
23
35
31
39
29
21
26
40
33
21
25
23
12
43
20
23
27
20
39
15
26
17
35
23
32
43
38
15
17
34
33
37
39
20
18
20
34
32
21
35
37
21
29
37
27
31
26
28
30
28
32
21
35
31
34
9
38
18
39
24
25
23
16
22
9
19
19
26
14
18
30
30
24
31
33
23
25
40
30
22
35
18
33
36
13
27
26
34
19
12
17
25
20
27
26
34
23
14
33
32
45
15
34
32
36
18
33
26
41
36
18
20
23
31
39
17
25
26
35
16
25
18
31
39
12
23
41
44
30
21
20
18
21
24
43
36
29
14
25
33
29
19
25
36
23
27
32
15
34
40
34
28
29
20
16
33
25
36
29
36
20
29
37
26
25
11
18
20
36
24
12
38
32
25
14
24
31
42
35
32
19
22
13
24
33
26
20
21
24
27
28
14
28
21
22
32
35
12
50
42
21
46
32
36
25
36
23
27
19
11
23
30
26
16
26
20
33
25
27
23
19
18
23
17
30
31
26
40
11
22
25
22
34
32
30
22
30
25
32
29
41
34
29
38
27
28
32
23
16
9
21
23
25
25
34
32
16
26
20
26
22
19
26
11
16
33
30
25
15
17
34
36
23
34
20
29
34
23
22
26
25
30
38
15
15
28
15
30
29
32
28
38
24
40
15
34
38
25
16
31
22
35
12
32
19
34
27
31
27
13
20
39
26
20
19
29
30
22
35
18
27
38
19
30
37
32
34
21
26
17
34
25
36
21
34
29
17
28
22
35
32
7
21
47
36
27
34
28
21
31
36
22
20
37
25
19
25
38
25
34
33
29
29
26
17
31
36
20
14
28
32
18
37
45
28
19
28
29
15
33
26
53
22
37
20
25
19
41
35
34
17
21
41
29
35
26
32
36
29
24
29
28
27
23
32
26
20
20
36
33
26
25
36
17
5
40
25
31
4
33
22
40
29
36
20
35
26
13
36
27
21
12
25
40
24
32
25
22
14
30
25
23
31
22
21
38
35
28
30
25
38
20
29
26
18
25
23
23
30
40
21
16
31
14
29
19
19
26
19
38
38
34
46
36
24
18
24
37
22
32
36
32
31
22
34
27
26
36
28
44
20
22
35
11
35
21
32
24
13
28
23
26
22
18
24
18
19
29
12
29
23
18
25
21
14
32
8
26
26
34
31
18
17
23
20
33
36
26
28
27
36
25
32
18
36
29
40
33
23
14
23
36
43
18
29
25
27
37
15
25
45
32
18
21
39
25
29
30
22
27
21
28
27
31
17
28
28
11
33
33
27
45
25
41
29
38
23
18
42
35
12
35
29
24
11
22
42
46
22
24
13
34
20
27
33
40
36
36
19
33
13
45
27
24
31
28
20
13
35
21
16
16
15
33
23
29
11
25
30
30
24
36
44
28
28
21
11
36
19
37
36
24
27
15
21
34
31
26
19
20
34
36
16
23
33
37
35
14
25
38
22
35
21
20
40
31
20
33
33
17
27
34
27
34
32
31
14
31
38
34
15
23
26
20
28
41
37
17
25
41
37
14
21
31
43
8
26
38
16
33
29
23
32
33
25
20
37
24
11
25
20
19
21
31
21
33
16
28
22
36
13
28
21
12
22
19
21
35
24
21
34
23
29
35
25
34
25
40
28
22
32
30
28
14
33
33
41
31
19
13
32
18
33
28
34
33
35
20
27
27
29
17
23
23
20
40
31
22
30
23
30
38
25
32
34
18
27
40
26
38
28
41
23
25
9
29
26
27
28
23
34
24
8
33
19
30
14
27
16
39
19
22
33
24
33
36
16
22
25
26
23
37
23
36
14
24
37
32
38
26
32
27
27
37
29
32
30
16
33
35
34
21
27
16
15
26
27
23
29
16
7
28
31
25
20
32
23
26
26
22
4
43
26
25
14
36
37
28
24
21
21
37
26
37
43
25
22
14
30
38
21
27
41
39
21
11
35
44
33
32
17
37
41
15
12
29
33
9
15
9
25
20
18
29
27
35
18
46
12
31
15
28
38
12
24
32
34
35
31
24
39
26
37
22
10
26
30
31
22
20
21
13
23
29
20
37
23
34
14
25
22
18
29
35
13
27
23
30
33
36
18
25
4
18
25
14
39
37
25
34
24
30
31
39
29
37
16
25
35
14
30
31
30
28
15
22
26
23
16
19
17
21
17
18
11
22
22
20
28
21
21
23
19
29
25
24
30
35
30
26
19
23
35
19
29
29
31
35
33
28
20
34
20
47
13
29
24
27
41
10
28
32
18
24
14
18
19
40
28
27
29
26
34
6
29
34
16
29
24
25
22
16
21
31
13
8
25
21
23
17
26
11
23
17
13
24
40
35
23
27
35
39
25
30
30
22
28
21
28
33
24
20
28
21
18
32
22
25
23
14
25
17
22
33
27
38
19
28
26
32
18
17
21
29
26
41
34
28
31
28
32
20
26
9
40
23
33
32
30
31
18
26
32
38
26
35
23
43
48
32
15
29
25
26
29
19
20
18
33
26
24
39
20
30
25
22
36
26
26
18
37
14
17
30
26
20
30
30
23
36
35
36
28
28
29
37
37
29
30
29
35
35
34
18
33
15
24
25
37
13
22
22
33
17
34
31
30
23
31
22
23
23
25
21
30
48
34
31
36
16
27
20
31
38
19
40
21
30
19
23
24
30
19
34
30
20
31
24
19
17
40
26
12
15
32
36
18
36
36
32
32
17
27
41
26
31
23
26
39
35
21
19
21
29
27
41
11
9
23
16
27
30
12
36
37
23
14
20
25
17
33
40
13
28
20
40
28
29
32
22
32
27
32
33
26
28
24
19
30
22
39
27
25
31
33
32
10
27
23
27
13
40
29
21
30
28
22
38
18
34
31
33
41
27
32
20
28
31
41
24
8
