22
27
28
29
31
21
26
32
34
19
15
29
20
23
32
31
33
15
27
25
18
25
23
39
27
37
35
9
36
37
25
29
17
19
31
31
29
29
29
22
34
27
16
30
17
27
18
14
23
35
21
23
20
39
27
18
28
43
24
21
21
26
15
34
47
23
24
39
29
33
19
41
14
31
11
34
22
36
7
23
30
25
21
28
29
30
8
17
31
28
40
26
41
16
19
35
14
18
35
43
28
31
42
25
30
30
36
16
8
40
20
9
39
31
34
33
34
30
28
34
31
29
24
18
23
22
28
20
26
25
44
27
22
42
3
31
17
15
25
39
35
30
27
43
22
10
26
31
27
36
16
16
37
26
37
34
17
12
31
16
19
35
35
18
22
30
25
31
31
28
21
26
37
31
26
28
23
36
33
28
29
39
11
23
15
24
31
23
27
15
38
31
27
44
25
26
36
18
26
8
26
35
18
10
31
25
33
14
36
18
22
23
44
24
19
29
29
41
32
28
29
44
13
22
25
26
11
34
14
33
23
34
42
39
36
30
24
18
21
24
35
38
16
31
14
27
8
23
32
37
27
30
24
20
12
18
23
13
31
32
37
37
17
20
18
25
25
39
28
38
11
18
37
31
17
19
10
29
27
15
15
11
24
22
29
22
26
24
39
28
22
18
32
28
27
28
27
28
32
36
21
28
38
15
24
15
35
39
19
53
41
22
21
16
31
30
20
21
24
24
27
29
28
24
35
29
31
28
16
33
21
37
12
34
24
11
28
25
21
31
25
24
11
14
44
28
45
27
17
29
30
22
22
34
21
24
24
16
35
24
30
36
27
31
36
41
25
9
12
39
10
32
12
22
33
32
29
30
19
15
25
16
28
21
23
25
17
31
27
28
34
30
19
40
28
10
28
11
33
14
22
21
26
23
30
18
39
19
23
31
24
49
32
33
29
27
30
27
32
24
22
14
10
40
31
37
42
28
33
35
51
29
30
32
14
32
32
29
33
20
4
22
31
31
36
15
30
28
23
40
26
29
26
26
26
26
32
18
13
23
18
35
10
43
17
18
24
20
28
27
25
21
36
12
28
10
22
27
38
31
12
27
31
26
28
19
12
22
33
36
27
28
10
32
46
43
23
37
22
23
34
22
24
32
28
21
27
29
37
35
20
41
30
30
31
10
22
30
27
25
33
18
29
10
38
37
29
26
30
29
12
14
24
28
29
33
27
28
33
28
45
34
38
21
15
30
30
20
12
19
22
38
31
44
25
24
29
41
12
31
16
35
38
39
37
16
20
35
31
29
23
20
28
39
32
41
20
39
22
36
36
38
28
23
16
38
29
21
20
28
22
31
47
24
29
29
37
17
16
38
21
31
27
23
37
27
29
22
44
38
21
39
25
44
28
36
17
9
26
32
42
24
34
9
14
26
31
15
24
31
32
12
34
23
29
23
14
25
32
24
29
39
50
30
32
22
23
19
18
25
30
27
35
19
11
37
44
38
7
19
28
23
20
48
35
30
28
20
22
25
28
46
27
25
33
18
31
6
15
27
18
41
24
36
17
22
35
18
23
29
17
39
26
35
32
27
35
33
18
28
33
24
12
27
27
32
33
38
28
19
23
21
35
22
36
40
19
30
11
18
26
33
19
19
21
31
17
34
24
33
30
42
28
26
32
28
21
29
35
21
26
24
27
22
34
25
27
21
35
31
17
30
35
19
27
12
32
26
25
34
35
39
23
31
25
21
36
24
24
28
42
44
35
31
36
28
29
15
30
22
30
18
42
23
21
18
32
36
24
12
38
33
25
42
22
27
26
41
24
29
31
22
31
17
38
31
11
21
26
17
24
28
29
23
30
29
29
35
30
5
18
27
38
25
33
21
43
39
31
24
33
34
35
46
41
28
33
25
29
24
15
39
29
17
38
29
21
32
35
36
21
16
23
31
36
37
25
19
24
29
34
30
31
10
37
13
33
23
33
41
16
34
24
29
30
12
30
25
20
30
28
28
29
37
26
33
32
25
19
38
27
33
36
13
32
34
39
19
32
17
24
31
25
28
44
29
7
24
43
44
25
13
19
17
9
30
23
28
25
39
34
22
26
21
15
15
37
23
21
20
24
23
35
14
24
27
22
28
34
33
35
27
29
15
20
23
22
16
36
34
19
30
22
23
26
17
21
26
18
33
17
39
30
27
41
12
25
19
25
28
5
25
36
30
30
21
24
25
27
25
34
23
40
32
15
24
19
21
43
30
33
26
39
29
22
36
27
30
39
23
31
27
22
15
35
28
23
25
12
38
34
13
27
28
30
31
30
37
24
41
40
25
26
35
31
29
18
18
43
34
17
31
32
20
31
30
24
40
34
28
11
26
29
11
27
26
17
28
23
18
30
36
25
30
24
25
25
29
27
19
26
15
20
28
39
22
20
21
27
34
25
21
20
19
17
26
23
31
7
36
25
31
27
30
25
29
38
33
20
19
17
18
17
30
24
37
28
9
37
15
15
41
40
24
14
18
18
20
22
20
11
33
30
38
39
29
38
31
34
20
33
27
35
37
36
40
19
25
33
26
19
29
26
41
24
22
25
51
22
19
21
32
30
27
27
28
42
28
25
30
36
38
32
22
40
25
41
27
17
34
36
25
33
20
48
30
21
37
26
31
18
20
27
20
41
26
13
37
29
22
27
12
17
27
31
37
30
20
34
25
23
19
28
38
33
32
26
10
25
23
22
12
35
29
24
29
28
22
30
30
19
24
17
25
42
25
20
38
35
46
25
18
11
43
34
33
37
48
22
31
42
16
31
18
25
27
15
16
26
18
26
36
42
34
7
33
18
17
21
21
22
28
38
41
35
17
20
11
22
38
25
16
25
31
26
24
26
27
24
18
30
28
16
25
17
22
29
23
29
11
22
18
39
24
31
42
21
26
5
32
12
10
35
36
42
26
10
39
29
19
16
41
30
31
17
32
23
37
26
17
11
22
31
33
6
23
26
18
28
43
20
26
33
9
23
28
38
21
11
39
21
24
28
23
32
41
37
17
33
7
28
33
15
25
17
20
39
32
22
39
41
40
26
32
35
28
26
30
33
29
17
27
33
37
26
26
24
36
27
26
40
26
26
37
38
21
25
42
35
45
10
21
29
38
14
24
20
36
24
31
38
16
26
37
38
34
30
23
27
23
38
26
32
29
20
35
16
28
31
33
15
29
7
14
38
19
9
20
32
18
19
37
13
24
33
28
23
33
32
32
26
32
30
34
23
37
26
40
40
36
21
19
39
37
25
20
37
27
0
34
24
22
21
33
31
37
33
20
38
31
8
24
36
16
30
14
29
26
19
13
5
27
34
38
23
24
46
31
24
19
24
11
24
29
24
29
17
27
42
42
20
29
25
25
20
34
31
12
35
33
35
37
18
37
27
20
38
23
20
40
23
29
5
11
23
34
32
38
13
36
35
30
41
41
25
18
20
21
32
26
18
28
35
26
18
22
30
30
29
26
37
19
25
28
36
40
20
30
32
11
18
18
28
25
28
29
15
28
19
33
17
39
33
23
32
36
43
8
33
23
34
23
34
33
26
22
42
21
24
24
22
27
29
40
27
25
20
16
35
34
30
31
24
30
39
24
20
38
30
33
28
20
38
33
21
26
25
26
36
22
17
29
27
24
34
42
38
32
33
35
6
24
34
17
16
33
22
32
27
26
17
39
33
25
21
37
22
16
26
26
16
30
38
36
24
20
29
25
28
43
12
16
23
40
42
16
20
20
27
38
20
7
26
25
23
27
36
8
37
34
49
34
19
19
31
39
23
22
24
44
34
31
24
43
20
19
16
34
27
26
15
34
8
34
35
41
14
14
31
19
27
35
24
30
13
16
35
30
27
25
43
31
33
33
19
35
30
34
28
24
46
23
16
27
37
35
16
10
21
27
8
10
16
31
31
25
21
39
16
33
17
11
29
30
36
24
24
31
14
18
50
34
23
21
27
29
12
26
23
24
22
23
33
41
28
26
17
12
20
27
31
35
30
21
40
47
29
26
47
39
34
44
39
37
8
26
36
14
16
12
32
23
33
23
14
36
23
29
19
23
20
35
37
37
28
28
23
32
14
14
23
37
26
17
31
11
25
37
32
35
20
21
33
29
7
18
26
24
28
33
29
18
34
33
21
42
27
18
30
16
26
35
27
30
10
30
31
33
24
12
20
7
31
21
39
33
17
33
32
29
39
14
14
20
30
22
32
32
28
26
15
22
31
36
18
29
27
25
43
28
19
24
27
13
31
34
30
33
30
40
25
31
21
36
23
14
32
14
30
24
34
38
21
19
39
23
27
34
12
26
19
37
25
30
24
34
45
13
31
26
37
25
26
18
20
20
41
39
19
31
21
28
35
25
33
21
38
33
31
29
34
15
22
23
25
25
28
19
34
37
9
35
20
14
29
27
25
26
20
18
17
28
42
9
30
21
18
29
41
44
26
31
23
19
38
35
32
16
42
24
40
31
28
24
18
38
28
33
32
26
15
29
8
18
22
26
17
24
39
47
15
30
17
31
28
42
12
31
16
35
22
22
16
24
35
33
35
36
42
13
37
21
16
31
39
42
34
20
32
15
31
28
37
25
23
22
40
27
34
28
12
38
24
24
33
52
33
22
30
31
28
45
12
14
14
40
5
21
29
34
20
20
27
19
32
33
25
30
32
16
23
28
26
40
25
45
29
22
22
29
32
30
35
17
14
30
42
20
14
41
28
21
21
7
35
27
13
30
18
30
16
12
28
24
33
30
22
14
37
40
23
36
25
26
35
36
37
41
15
27
33
41
32
35
19
18
26
32
24
26
28
33
9
8
18
16
25
25
31
35
19
27
28
25
20
32
18
20
18
31
42
47
35
17
30
15
22
28
33
38
15
37
28
26
22
29
18
19
16
33
20
24
17
36
23
25
44
25
34
21
18
24
29
29
26
31
34
25
30
24
31
36
26
47
40
31
26
40
1
37
17
51
27
36
24
16
31
25
33
34
21
35
23
39
43
19
26
32
35
19
37
34
27
41
24
38
39
33
7
29
36
29
17
28
28
28
38
13
33
26
36
23
24
24
16
43
24
15
25
19
21
26
23
17
23
31
43
17
11
25
27
24
13
27
28
27
31
32
30
41
23
12
19
25
35
31
38
31
17
42
24
14
40
28
31
19
19
30
26
19
30
34
16
22
17
27
30
34
24
35
30
25
15
20
19
19
42
