21
26
20
23
31
37
54
22
34
21
32
18
30
10
15
22
24
73
21
30
39
45
12
37
22
19
10
38
20
18
35
47
44
53
24
13
11
19
79
31
12
22
14
17
49
21
30
17
17
16
51
15
13
39
34
43
31
17
7
32
46
19
57
16
20
75
17
27
9
25
11
29
22
13
19
23
38
6
21
18
24
17
15
29
15
17
22
9
25
25
15
20
23
21
27
35
23
8
42
24
21
18
15
14
18
17
20
51
32
20
33
11
19
10
27
23
28
40
14
30
11
43
19
17
25
20
17
10
29
20
22
32
23
14
15
45
13
14
18
14
13
21
26
25
29
31
18
28
23
30
23
23
17
30
12
17
14
20
25
12
21
28
28
42
32
15
29
30
14
20
21
35
27
23
9
16
25
13
17
35
48
29
11
33
22
39
31
11
27
20
17
14
30
19
22
15
29
30
23
31
15
26
19
26
21
22
22
20
8
11
7
19
51
26
13
17
34
16
25
18
25
13
10
12
22
26
19
24
28
49
21
26
17
38
31
11
24
14
26
27
16
21
18
11
13
39
34
19
15
26
45
30
45
12
27
11
14
29
30
19
35
31
33
15
22
20
25
16
16
28
20
30
33
33
25
27
26
25
25
24
41
20
29
21
13
28
22
18
14
17
22
32
17
34
13
13
70
24
15
19
44
21
32
30
10
27
22
25
24
32
18
18
13
39
24
26
12
46
27
29
21
39
15
9
10
36
18
25
5
19
35
22
11
15
16
47
29
25
20
39
19
26
22
15
26
23
25
23
18
16
33
12
20
29
18
59
11
26
19
15
12
18
10
26
9
73
14
41
19
25
47
51
21
22
33
20
7
20
18
15
9
15
48
17
28
41
24
32
22
25
32
35
11
17
17
11
29
15
17
16
19
29
47
14
23
28
21
29
23
21
22
24
