19
17
15
25
10
26
31
26
16
14
15
12
15
9
15
21
18
23
24
24
14
11
18
12
27
9
11
23
17
20
21
18
15
26
32
11
23
14
17
20
12
25
13
26
16
13
11
30
13
12
12
17
29
12
19
22
27
18
25
9
16
18
27
18
17
19
16
38
15
23
15
26
19
18
17
23
10
16
14
25
23
31
19
17
18
22
14
15
17
10
24
29
28
16
21
10
22
16
22
22
12
29
21
17
12
18
14
28
17
14
13
15
13
20
17
12
19
14
22
10
34
12
32
11
10
19
22
23
29
13
17
17
16
28
15
21
18
15
16
14
11
15
20
19
20
14
18
13
23
18
16
17
21
13
12
12
17
35
24
15
20
24
13
25
17
14
15
14
16
18
15
34
20
18
19
10
21
22
19
26
20
17
22
24
20
16
11
14
31
18
30
18
14
16
11
12
13
21
18
17
18
20
16
22
14
25
19
24
22
31
16
14
23
17
16
26
19
27
17
16
17
17
19
25
18
16
17
14
17
13
14
11
17
17
27
13
28
15
12
12
18
17
22
16
13
13
24
18
20
20
16
17
15
17
15
15
16
25
14
14
19
16
15
16
17
18
27
8
27
11
24
17
13
30
24
15
13
17
40
20
13
24
10
27
19
18
21
31
20
20
14
13
26
23
26
13
24
19
26
23
14
14
13
12
13
20
21
13
16
14
17
15
22
16
12
21
19
21
13
17
14
13
19
10
13
25
12
17
31
19
16
16
27
21
16
25
13
16
19
10
25
25
12
12
18
17
11
25
20
26
17
23
23
32
18
17
19
25
22
14
16
17
14
27
15
26
13
21
15
17
26
27
16
13
13
16
21
15
19
21
7
9
21
27
14
13
37
15
19
22
23
19
17
12
16
25
16
21
20
19
18
17
18
12
12
10
22
29
14
21
31
16
