14
20
11
11
21
15
19
19
24
16
21
17
12
18
17
19
27
30
15
26
18
20
34
13
24
18
16
21
21
15
27
19
42
21
14
13
28
14
16
16
23
19
29
12
21
25
21
18
20
19
12
14
11
20
25
17
15
28
15
11
7
34
17
19
11
23
21
34
20
24
12
22
20
12
24
13
18
22
23
29
23
28
31
21
12
23
18
19
15
22
13
15
23
14
26
24
18
22
15
18
21
25
17
17
31
12
16
16
19
8
19
16
17
22
23
13
22
25
16
25
20
12
18
20
13
14
26
14
19
11
25
20
19
19
17
18
28
21
30
19
17
12
17
20
19
24
11
35
28
20
34
12
20
18
14
18
16
29
13
15
14
26
22
17
14
30
11
20
20
15
15
32
30
22
22
17
20
29
20
14
19
11
15
29
16
23
14
41
23
22
17
26
16
17
20
16
17
18
26
17
28
11
16
13
21
19
17
12
21
23
24
25
18
20
11
25
20
16
12
19
20
17
9
14
20
19
14
23
13
27
21
11
14
27
23
35
10
11
19
13
12
17
18
17
20
13
20
9
10
20
13
21
13
24
32
12
22
19
21
19
21
10
16
27
23
16
17
18
20
19
21
17
20
27
29
16
20
22
17
21
17
16
12
24
16
21
23
15
19
23
19
24
26
23
18
21
16
26
12
31
23
19
16
27
13
16
26
14
23
19
22
23
20
19
15
20
14
19
23
24
29
17
13
11
12
28
8
17
14
11
18
30
19
14
11
11
24
23
14
19
17
35
24
23
15
17
19
19
16
15
24
16
21
19
25
25
16
16
22
15
14
23
16
9
18
29
20
20
16
22
14
19
16
18
20
22
29
31
15
11
16
13
22
13
19
14
36
20
34
7
36
15
16
18
14
