20
13
19
15
20
19
26
37
18
18
36
18
27
38
17
55
25
40
38
18
50
21
39
22
17
30
41
22
17
18
16
14
20
42
18
17
12
17
30
25
10
22
25
21
21
28
17
21
28
24
31
19
17
37
15
24
20
17
17
21
14
14
18
10
22
26
16
13
14
24
25
12
28
8
41
14
31
33
14
31
28
22
17
19
23
27
35
32
22
26
41
24
19
7
32
42
26
29
34
17
18
30
31
14
21
16
19
14
26
33
47
18
25
45
25
41
22
21
8
24
7
34
18
23
33
28
32
31
20
69
30
17
17
23
25
26
20
14
28
24
33
38
19
28
32
22
26
25
9
18
14
21
10
20
15
20
30
23
39
33
15
25
18
37
46
13
18
14
19
15
34
9
30
45
11
28
25
23
20
51
40
20
19
22
28
33
31
20
8
24
15
51
27
15
28
26
29
34
47
12
52
15
21
31
25
22
56
35
49
21
30
18
13
16
30
20
10
18
16
18
51
9
18
29
13
14
14
29
17
31
19
44
41
18
26
19
30
24
35
26
14
19
38
20
37
16
21
26
30
7
22
24
31
22
21
24
33
29
23
17
12
21
15
34
18
26
38
17
22
13
19
21
14
19
19
14
26
17
12
16
24
10
21
18
12
31
12
16
12
15
33
18
15
17
26
48
21
14
16
22
21
9
18
10
21
12
38
11
44
19
17
35
17
15
27
20
50
16
29
19
25
25
39
12
15
16
43
21
25
20
32
19
22
40
41
36
21
13
10
22
70
29
12
15
24
19
22
15
9
24
39
19
31
36
20
31
35
32
12
27
18
14
50
34
13
12
20
24
11
12
27
13
12
17
14
4
59
14
16
19
27
11
20
18
16
27
11
33
33
19
14
18
30
32
29
