22
19
25
20
19
6
15
20
21
20
14
11
22
19
27
23
22
20
17
21
21
12
23
19
22
10
19
24
19
14
15
14
22
18
14
13
30
20
19
9
25
17
18
25
23
13
18
19
16
12
20
11
16
20
9
26
12
9
13
17
27
18
20
27
11
22
14
14
29
12
22
9
15
20
12
13
6
16
21
19
28
26
18
13
41
26
14
29
16
19
22
10
17
14
25
18
14
12
19
8
20
15
23
22
18
17
18
21
17
14
11
19
18
11
20
18
15
11
15
18
13
25
14
11
21
13
18
14
18
15
22
19
12
29
14
22
16
10
18
25
20
12
9
26
18
17
14
18
13
27
15
21
15
11
23
26
36
30
24
12
16
23
23
15
18
33
20
22
19
32
17
15
18
19
22
18
14
16
22
20
14
17
14
38
2
19
13
14
16
16
24
20
16
25
9
25
24
16
8
7
16
19
8
17
12
20
21
10
15
18
14
21
16
17
22
5
15
17
25
26
34
17
32
16
19
23
28
23
17
22
26
20
21
14
17
18
15
14
15
14
13
17
18
30
2
12
30
15
15
11
20
16
27
41
26
14
10
13
22
23
15
23
27
25
10
32
20
23
23
22
27
30
19
19
11
14
14
17
25
16
16
18
11
22
22
14
19
21
9
10
24
17
37
10
18
17
20
10
25
12
22
31
10
28
13
14
9
13
16
25
24
12
25
31
20
18
19
20
12
19
26
19
20
15
22
15
21
15
21
24
23
16
21
12
13
21
11
13
17
22
36
19
15
18
16
25
7
23
20
33
12
26
6
11
