13
17
20
10
17
11
15
16
8
17
13
18
39
25
18
6
17
12
20
27
21
20
18
33
22
11
21
17
24
19
12
19
21
19
24
16
32
24
15
16
26
14
29
8
19
20
18
22
14
15
27
13
26
11
28
19
13
22
16
29
26
20
21
8
22
20
10
21
25
12
14
20
11
8
13
30
17
22
16
27
21
16
24
17
9
36
27
10
34
12
17
28
19
13
22
25
12
15
30
23
16
24
24
18
27
26
19
19
19
25
27
9
17
24
24
20
14
18
18
13
14
15
14
28
25
26
19
16
20
27
32
20
15
18
15
16
17
17
8
12
19
11
22
17
14
19
16
19
18
10
20
12
15
18
19
10
12
17
18
14
24
25
26
30
14
22
15
18
13
16
21
13
24
33
19
19
30
19
14
14
21
11
30
15
35
24
22
15
27
21
15
24
30
15
12
22
11
16
21
12
20
27
22
24
17
16
26
21
21
16
13
27
20
29
22
23
12
15
25
19
20
14
23
10
26
29
14
26
32
10
17
10
16
17
20
10
11
32
37
9
13
26
13
17
14
11
21
35
33
12
21
22
14
14
14
22
32
19
17
10
10
19
26
25
17
12
34
13
28
16
34
24
30
16
25
6
19
18
15
24
21
17
19
20
11
37
13
22
10
21
10
11
6
15
10
16
28
12
13
22
9
12
14
14
14
14
21
21
18
13
21
10
26
21
31
14
19
31
17
11
16
19
16
9
25
7
22
16
20
29
35
20
21
33
21
9
18
22
15
17
17
10
20
16
11
22
16
11
15
19
21
31
23
23
23
24
26
25
24
17
18
18
19
26
