28
43
10
12
37
36
23
27
6
15
8
13
39
19
12
7
23
28
20
28
18
33
21
26
23
13
19
5
15
14
6
44
23
20
17
25
39
24
15
35
14
39
12
23
42
36
10
19
11
19
17
53
34
28
8
29
27
28
16
7
23
18
15
10
38
28
17
18
23
22
18
14
36
36
17
11
29
19
22
15
31
20
18
32
13
21
35
37
27
18
25
23
24
20
15
16
24
9
25
19
10
32
38
5
20
8
19
32
20
38
22
23
16
6
27
27
17
10
10
11
8
18
25
53
16
22
29
25
14
5
26
9
39
18
12
36
20
23
6
12
6
17
13
21
12
5
29
4
23
20
14
32
23
26
10
35
23
20
10
27
25
24
14
14
39
25
24
17
14
22
11
27
23
28
31
25
16
41
33
20
38
11
18
14
18
27
26
16
21
13
11
40
27
27
38
29
16
25
7
17
32
13
47
28
16
21
22
15
34
18
11
15
10
22
21
16
58
26
16
22
39
15
21
15
7
34
17
18
13
8
20
20
18
22
21
14
9
16
15
10
19
23
14
40
10
8
31
16
21
13
18
36
48
19
36
31
35
5
19
25
15
13
15
13
40
19
20
14
17
9
44
28
11
26
19
28
10
64
14
23
21
11
16
12
45
36
16
13
24
17
28
16
28
23
17
28
23
20
23
21
11
2
39
47
9
13
9
20
20
30
46
28
15
24
18
14
22
8
18
14
18
32
20
28
10
50
41
14
33
30
31
14
38
21
27
47
17
9
27
17
16
17
13
15
46
14
12
32
25
24
24
24
47
41
