17
25
8
15
19
38
17
18
34
4
29
32
21
17
13
19
14
19
15
26
20
39
14
16
11
11
1
30
32
8
46
31
30
20
9
18
10
18
8
27
22
35
38
20
23
23
21
3
16
12
27
25
22
8
21
21
14
8
28
25
31
7
14
35
11
28
31
19
23
37
16
32
13
41
19
19
54
35
13
19
24
37
15
16
17
54
27
20
12
31
22
26
33
8
3
27
32
12
5
42
38
17
31
4
21
8
23
16
11
16
21
26
15
49
8
19
36
19
27
13
12
43
55
35
20
25
27
8
40
13
12
7
28
33
10
17
13
18
8
6
25
29
20
17
31
38
42
28
11
29
12
24
17
2
21
26
10
9
21
17
11
9
30
17
16
22
8
19
29
8
25
35
23
21
30
10
42
10
23
22
10
21
28
40
27
30
22
28
13
27
13
17
10
22
8
13
12
10
12
23
29
10
12
48
39
20
31
14
15
49
31
28
15
16
17
18
14
16
16
21
22
19
15
15
31
8
10
13
28
31
16
32
22
30
40
19
14
46
51
9
13
17
27
26
25
13
22
27
12
34
17
13
31
27
8
17
26
19
17
7
14
13
9
17
31
24
18
27
13
14
49
19
10
21
18
16
55
30
24
4
16
22
7
23
22
11
18
15
25
9
21
17
45
52
14
29
18
17
24
56
25
16
27
23
9
20
25
26
23
32
30
28
26
6
43
33
24
27
20
29
29
18
22
48
16
18
39
17
14
20
24
14
23
9
29
17
15
10
32
15
14
23
16
13
12
10
8
23
43
26
14
27
21
9
21
23
29
35
10
30
29
18
15
13
