30
15
30
11
23
12
28
21
43
79
22
38
19
13
8
9
10
14
15
8
18
12
20
11
21
14
23
5
33
20
5
16
31
14
20
32
52
35
10
14
15
24
10
16
30
40
11
20
16
20
26
18
79
16
11
27
44
32
6
26
24
14
7
26
41
16
11
20
30
8
40
14
4
9
18
18
8
36
20
17
13
23
23
14
7
22
24
36
18
84
25
8
10
12
14
9
11
13
19
28
11
11
10
11
31
14
22
20
12
15
10
23
27
18
25
12
15
28
28
25
13
32
24
20
12
14
18
9
52
16
43
9
32
15
16
21
9
39
6
29
19
5
12
10
17
7
17
31
22
15
34
15
27
7
52
18
12
44
30
28
11
26
11
17
18
16
24
18
7
40
6
10
29
25
24
33
65
16
9
24
16
10
37
39
14
20
26
6
28
14
17
20
14
33
5
25
19
16
19
14
47
47
25
59
33
44
7
14
12
45
20
24
21
15
54
32
42
42
15
22
12
24
20
22
29
5
35
18
22
25
36
22
29
17
25
43
3
11
34
7
16
18
15
28
15
41
16
22
26
6
18
29
16
14
44
30
14
39
30
27
16
22
12
13
31
23
24
15
27
29
20
20
14
45
22
15
11
10
29
8
13
9
18
20
20
36
36
21
9
22
16
32
30
20
16
17
16
21
37
12
10
17
14
10
6
10
20
87
15
9
4
5
32
70
8
15
19
23
25
32
12
8
17
9
18
6
19
10
28
11
64
8
13
20
18
22
27
29
25
26
18
25
14
20
20
38
3
31
16
15
32
11
20
8
