6
1
612
50
73
213
15
3
93
27
61
53
1
29
4
14
2
182
0
48
213
0
1
412
161
4
33
15
284
851
72
40
17
332
27
21
97
118
2
26
28
148
1
41
14
2
364
14
18
189
20
8
8
61
289
140
43
56
12
132
1107
4
367
0
316
77
2
1
36
3
11
110
345
1
71
41
44
72
1889
1
0
7
3
0
152
0
350
900
82
124
4
0
5
0
8
7
457
453
6
84
13
103
9
5
1
75
1
3
7730
5
0
1
170
10
11
57
1
13
24
0
2
1203
31
124
335
15
7
2
0
113
9
86
39
84
0
19
20
0
4
58
1168
358
53
1769
1558
1
331
190
0
38
125
30
11
25
19
150
6
83
109
0
23
17
37
40
5
3
7
14
13
14
33
0
1494
92
1
119
35
5
7
117
505
955
17
52
60
700
134
56
198
121
1
150
60
302
0
3
10
32
26
2
11
169
175
9
1
3303
56
32
27
76
7
5
139
1
113
92
77
158
0
41
9
234
29
2
12
160
140
3
5
18
5
4
58
172
2009
37
14
502
18
18
44
2
51
1
4
2
736
1
4
0
5982
3
0
22
28
3
25
15
3
52
0
4
11
36
13
6
4
3143
17
0
343
63
78
29
2987
102
2
10
18
38
8
1101
0
568
0
704
18
11
109
0
150
5
44
3710
118
11
0
21
48
115
14
4
192
50
8
27
13
33
1410
1
1
0
0
8
44
3
2
0
384
37
134
19
65
323
19
0
24
12
5
35
171
4
12
10
19
1
28
294
0
59
0
0
1
6
4227
7
1
0
76
174
10
170
404
27
14
24
1961
32
254
17
28
117
14
4
