22
27
14
17
19
16
20
23
25
27
30
14
21
26
16
18
18
14
10
18
20
21
17
25
15
11
31
26
10
31
17
11
24
15
30
23
16
18
21
13
33
10
19
18
15
29
22
15
17
21
11
11
19
16
17
26
14
20
16
25
7
12
30
33
15
16
10
31
27
34
17
15
17
16
23
42
26
7
15
16
20
27
13
24
20
43
25
13
13
32
19
20
13
26
13
15
16
31
28
19
21
23
13
13
22
15
18
14
28
10
27
20
22
32
34
22
12
26
16
16
23
18
17
11
13
18
20
12
20
15
12
46
19
20
29
20
25
18
16
12
26
25
43
15
11
25
22
13
12
27
8
25
19
19
19
11
45
33
14
30
19
23
26
17
19
24
18
13
16
6
23
20
18
26
21
23
17
14
12
28
19
8
22
20
18
18
6
13
22
32
15
24
33
19
15
22
25
18
14
18
26
13
9
10
23
18
18
19
16
17
27
18
21
19
30
12
12
14
13
22
10
19
47
8
18
16
28
14
21
12
6
23
15
22
25
29
17
12
19
18
18
16
27
26
16
18
26
15
15
14
17
17
28
27
45
24
15
14
19
23
16
27
19
11
8
22
19
13
22
8
20
18
13
11
21
35
30
18
8
14
14
14
13
18
35
12
17
37
7
13
23
11
13
22
22
12
18
29
11
39
22
14
19
23
24
23
13
19
25
16
17
15
22
19
18
10
22
32
21
11
20
14
30
18
24
23
22
16
18
15
26
8
9
20
19
18
35
17
12
15
27
17
21
10
20
9
21
22
20
6
20
13
9
25
