231
0
0
14
45
31
75
0
4
10
36
0
8
9
14
4
223
29
54
6
314
6
8
39
36
197
7
7
37
93
2
36
19
29
36
23
1
96
1
29
17
11
314
226
53
6
22
3
50
6
8
1
1056
89
28
1534
10
143
4
12
18
4
577
27
7
4
1
5
66
2
1
38
1
4
10
216
255
1
276
32
10
16
55
33
36
24
8
558
14
75
25
224
3
0
2
15
8
68
2
327
0
838
7
541
2534
637
406
13
3
414
0
4
95
180
11
342
37
24
160
17
40
27
32
158
130
46
6
0
0
32
33
3
18
11
10
7
1
6
10
2
22
6
25
25
7
197
9
206
162
14
4
2
103
18
2
130
0
7
9
118
47
148
123
2
123
40
36
122
5
451
0
15
261
17
4
7
8
5
11
0
13
390
4
13
24
141
1
52
80
7
3
3
115
0
5
15
4216
1
392
8
10
4
7
22
22
175
8
3
27
3
58
3
28
474
7
7
225
16
2
8
4
67
21
9
12
36
75
17
1182
15
11
39
98
652
70
12
0
13
3
3
7
13
28
10
117
4
6
109
5
29
28
293
113
2
80
2
464
31
13
2
7
135
46
2
124
219
198
1
173
140
133
10
42
14
2
249
11
25
1
48
0
8
8
24
50
491
33
21
3
18
272
896
65
84
30
75
12
11
1
57
1233
79
8
148
8
55
15
1
20
12
40
192
35
425
4
1
24
130
15
9
10
204
9
202
21
2
1
5
25
8
8
17
5
233
266
811
35
145
59
2
20
9
10
58
8
1
72
589
76
3
3
52
83
821
38
151
1370
71
123
121
20
0
294
0
