24
19
14
30
21
19
13
22
22
25
23
22
15
18
16
23
17
19
17
26
17
21
36
12
31
23
27
17
13
15
20
12
17
28
24
20
16
19
15
27
31
16
15
21
18
24
20
17
16
29
17
23
18
16
12
16
26
17
22
1
25
18
19
23
17
12
16
20
19
18
24
23
27
13
16
12
19
21
22
12
9
11
24
21
27
28
23
18
14
11
21
17
8
18
27
11
17
19
12
22
12
23
22
17
21
24
19
26
11
19
23
11
18
23
19
16
18
16
17
21
10
16
19
19
20
21
26
12
27
15
17
19
10
15
21
7
18
17
18
15
8
26
20
21
18
21
19
17
19
19
20
12
21
7
21
25
16
13
26
22
8
20
21
7
19
10
34
29
24
15
22
24
19
20
16
13
25
11
26
12
28
17
9
20
12
14
15
13
9
5
14
25
23
14
12
22
20
20
23
19
17
19
20
19
21
16
27
22
18
23
9
16
16
15
19
14
33
10
17
19
27
17
20
17
25
14
25
23
24
19
21
17
17
23
17
35
21
29
19
18
7
19
17
17
15
16
10
21
24
20
15
20
19
14
14
13
18
27
26
20
13
16
19
22
29
32
21
14
17
16
20
17
26
24
18
29
24
20
25
9
17
12
28
19
28
23
20
15
18
21
28
22
23
18
22
20
25
13
26
24
23
18
13
14
26
15
9
23
24
22
23
16
16
17
13
9
27
6
14
23
23
22
27
14
22
22
8
23
12
13
21
15
17
16
18
29
7
20
20
18
32
22
23
25
22
24
14
17
10
20
22
23
19
23
