29
24
32
24
22
18
17
19
9
12
15
16
20
30
30
36
11
-6
19
14
29
13
35
28
5
28
31
25
18
24
14
14
34
22
23
20
7
11
12
15
26
17
14
24
26
21
22
14
19
22
23
29
13
27
26
23
41
19
20
27
25
10
7
28
23
27
27
15
18
35
9
11
20
22
19
25
35
24
29
35
22
35
32
17
13
26
27
35
25
23
14
29
21
14
29
17
23
29
24
17
22
23
31
28
8
30
42
32
21
6
31
24
29
34
18
19
13
14
10
11
25
35
21
35
7
21
16
21
4
14
20
26
28
24
14
0
8
24
24
27
25
19
29
22
21
27
8
18
4
20
30
10
34
19
47
38
10
24
22
9
10
23
26
10
27
16
19
13
30
18
4
14
13
8
34
12
24
22
15
33
33
28
18
13
32
22
21
23
19
16
28
23
33
19
18
26
4
19
29
19
7
23
19
37
17
14
9
31
25
17
32
21
25
14
14
19
20
10
20
12
19
19
18
39
18
24
6
19
14
23
23
34
25
36
18
15
17
19
14
12
23
22
16
24
24
32
34
25
10
16
45
23
26
21
13
9
16
23
20
19
16
15
17
27
19
14
22
40
25
13
16
26
16
39
14
21
21
15
26
24
37
29
12
22
15
19
35
16
36
27
25
17
16
6
30
18
27
39
18
4
31
24
16
29
28
13
7
22
13
33
24
11
7
13
15
11
15
15
29
25
16
34
31
21
8
38
28
17
16
-6
24
18
34
12
19
16
29
24
40
13
19
23
31
16
10
12
22
17
8
20
19
16
14
25
18
17
32
26
17
12
25
15
14
16
