3
29
32
19
26
34
10
14
20
2
31
44
14
30
41
13
11
30
15
20
30
17
17
26
16
26
34
43
26
26
13
17
7
23
2
37
35
25
20
30
42
26
17
21
21
11
26
30
24
17
32
35
25
14
23
20
25
32
22
0
11
29
29
31
24
0
36
25
20
40
14
28
26
41
23
9
25
35
26
30
23
33
32
19
24
15
14
26
38
11
6
12
31
12
30
15
23
22
7
19
16
23
32
30
11
19
19
25
28
16
11
18
16
5
25
16
29
38
14
11
32
18
15
21
17
23
13
10
26
32
20
23
14
18
29
4
17
30
36
3
19
14
13
40
19
23
26
3
25
20
16
37
23
20
20
24
32
27
14
16
23
31
21
13
41
31
5
10
17
18
22
32
26
28
18
16
7
18
22
17
7
0
14
38
5
12
30
23
18
21
18
26
22
31
27
33
34
17
28
32
33
36
3
19
37
28
23
5
17
19
32
23
-2
8
34
24
16
22
18
24
23
21
16
24
27
13
23
17
25
6
22
11
16
24
22
23
8
14
6
17
11
32
22
31
11
32
22
6
11
29
26
28
19
32
23
28
24
23
34
17
31
32
3
35
-1
19
15
26
27
18
26
21
-3
42
36
22
27
22
37
23
22
9
26
7
29
38
29
34
8
13
31
15
22
21
13
23
28
17
12
12
19
14
17
35
23
17
32
27
18
15
6
30
-2
22
36
25
19
51
9
23
27
21
31
19
32
35
13
15
29
30
24
15
24
11
27
37
30
26
19
28
24
14
9
27
12
17
28
25
12
30
12
24
19
13
