19
27
14
14
18
14
25
16
27
15
19
26
17
21
18
5
21
13
25
14
23
16
21
15
27
20
16
19
19
8
19
20
27
25
20
20
8
5
21
20
12
13
19
15
24
13
21
22
19
25
15
9
18
15
16
26
17
21
19
24
28
15
22
18
14
20
19
29
18
19
10
26
25
25
27
20
12
19
16
16
15
24
16
18
19
15
19
19
20
10
23
14
18
14
17
22
29
30
18
20
19
12
27
7
15
19
23
20
12
17
25
12
14
20
22
27
27
14
17
23
29
27
26
23
16
17
22
22
12
21
21
19
26
14
17
15
20
19
19
12
20
17
26
15
14
19
6
17
11
23
8
26
25
25
12
14
24
22
18
27
24
20
20
25
16
17
22
16
24
16
36
19
22
22
17
8
15
18
24
14
25
27
22
25
14
22
21
28
22
20
19
26
21
20
20
22
21
17
28
17
12
30
21
15
29
21
22
12
8
12
21
20
30
22
20
12
28
21
21
24
22
22
24
24
13
25
16
29
21
26
30
11
21
30
20
11
28
17
9
21
12
21
16
13
16
14
15
12
26
14
21
21
18
25
17
21
7
18
29
23
16
21
11
21
25
9
24
18
19
35
15
15
15
19
22
14
22
27
27
3
24
21
5
19
24
20
13
13
23
6
20
18
23
26
16
12
23
32
17
18
23
30
16
26
18
35
14
19
20
9
13
20
20
22
18
19
2
17
15
16
20
22
16
30
5
16
23
15
28
13
12
22
9
27
18
6
12
13
22
25
22
22
12
21
27
21
25
11
26
29
15
19
25
23
28
15
17
14
20
12
16
17
8
17
