6
4
4
19
209
27
7
182
80
1
24
16
10
80
12
13
264
1
77
35
94
0
3
1
2
343
139
73
51
0
1
14
155
5
3
5
5
76
19
153
2
10
8
8
55
10
22
208
15
39
0
25
2
8
51
61
3
36
4
11
205
15
0
7
1442
4
43
138
14
14
76
35
430
46
5
14
2
230
0
78
404
200
22
12
93
0
140
1
7
3
14
5
30
9
17
8
12
57
7
2
13
21
32
3
2
101
0
26
26
7
6
5
6
3
10
47
13
16
7
157
5
12
2106
409
4
51
27
13
52
9
33
7
0
29
16
0
2
14
3
0
7
30
1
608
29
6
46
21
4
325
5
1
3
18
16
70
9
60
23
8
9
16
19
115
32
59
14
915
49
6
2
1
68
65
3
3
16
17
1528
5
76
5
7
793
2
31
23
81
206
36
1
17
0
0
12
43
425
32
88
63
0
0
13
1
80
1
56
8
1
55
62
19
1
637
0
7
25
0
0
40
10
2
0
10
3
7
8
41
113
175
10
118
6
159
180
17
16
40
16
9
536
1
273
2
0
60
10
65
1
33
46
409
41
28
1
4
16
4
2
60
56
11
0
136
52
6
28
45
2
80
1
105
760
11
26
4
35
8
34
50
8
20
1
318
98
17
53
12
172
2
0
3
3
12
1
2
6
0
1
56
0
10
10
361
47
1
102
125
4
11
8
40
7
10
9
87
169
4
168
32
4
9
23
37
24
8
19
159
153
9
137
297
228
107
2
108
80
4
9
229
34
53
34
830
167
35
109
0
2
36
217
11
30
8
17
1
1
10
185
33
44
7
3
32
4
44
536
31
1987
0
15
401
2
56
0
4
6
1
2
93
232
1
178
93
17
8
4
17
3
1
6
0
7
30
40
1
0
3
3
2
2
0
5
47
7
0
14
220
34
25
5
1
0
3
12
14
3
255
67
1
6
5
161
1
10
16
6
1
4
2
0
4
1
44
5
57
22
6
174
25
7
34
10
14
3
120
282
11
22
4011
4
7
1
13
2
0
99
102
6
12
12
10
2
55
8
46
4
3
42
20
113
3
1
1
11
10
17
90
14
8
4
14
15
0
0
29
145
10
28
7
189
3
207
17
4
144
386
115
56
25
3
4
4
3
0
29
12
22
40
1
2
18
482
435
1
1
93
6
139
12
7
2031
816
181
2
1
5
3
16
16
2
2
541
5
93
8
1
1
65
27
8
32
0
53
93
7
3
40
0
5
7
19
2
6
16
11
6
16
16
0
25
11
70
29
26
1
23
442
11
94
33
21
8
28
155
1
0
2
25
4
4
0
44
19
840
60
0
26
6
52
0
129
14
6
1
10
0
14
671
190
123
271
24
1459
1
17
5
0
7
26
2
4
12
0
5
31
1
26
1
183
5
3
2
2
52
99
171
42
105
3
1067
4
4
15
11
8
8
26
1
24
635
11
39
0
14
4
480
35
21
0
0
1
656
0
3
3
4
12
2
0
0
29
14
17
16
21
4
13
3
261
1
3
243
1075
1
32
5
66
0
5
0
0
31
49
3
5
22
5
12
59
41
12
7
2
507
0
221
52
253
2
1
152
2
16
472
60
41
2
35
3
14
33
0
2526
0
29
58
0
33
3
4
39
5
2
22
0
12
215
5
4
18
3
112
7
3
10
1
0
0
0
10
7
7
11
1
8
66
143
9
10
16
6
13
25
11
192
12
275
1
2
8
1
11
48
2
0
26
6
0
1
53
567
2
2
18
0
0
748
205
2
2
0
7
536
9
2
23
2
13
6
14
2
3
4
1
1
7
17
5
5
357
1
1
0
10
21
4
217
22
15
12
33
5
4
15
101
11
4
1
34
41
23
4
2
12
6
25
2
13
36
210
0
867
52
137
55
67
2
2
18
1
17
2
1216
46
18
1
2
0
1
28
9
6
2
47
135
5
0
22
272
1
2
0
873
38
1
2
10
2
6
20
25
0
2
63
7
2
42
33
16
14
7
13
70
11
10
0
55
168
17
4
17
3
0
0
141
11
18
7
80
22
29
16
1
0
4
199
3
5
68
3
16
36
0
1
0
4
9
1
12
122
2
1
6
2
2
4
201
655
86
5
43
13
24
76
15
2
4
61
86
29
631
9
5
46
16
220
25
1
127
2
0
4
57
45
33
10
13
29
867
27
447
3
32
527
11
1
15
288
10
8
3
10
15
4
7
106
5
14
298
2
311
9
9
16
2
5
5
976
0
4
17
34
0
8
57
1
35
555
10
35
396
8
1
26
37
5
113
72
83
3
0
31
31
10
10
14
126
63
79
1
48
28
5
3
4
4
2
166
0
26
0
9
173
32
19
2
670
21
90
256
166
43
5
12
1540
19
29
454
0
0
8
5
346
355
113
8
38
239
391
1
3
5
36
1
11
1
146
4
4
16
0
35
6
0
24
0
1
6
82
1
382
11
35
4
2
0
3
44
19
2
3
44
10
38
7
2
299
24
78
2
17
29
0
2
0
140
4
60
2
12
0
1
65
1
186
16
1
4
289
0
5
6
0
281
105
18
17
6
10
14
59
5
71
141
7
276
56
5
10
6
0
481
34
19
3
94
0
17
10
18
111
6
15
12
10
9
26
8
21
65
93
16
217
0
12
78
0
4
8
7
145
7
62
80
0
0
203
0
4
2
5
157
2
280
29
28
51
108
0
56
25
37
1
17
61
11
3
6
75
3
2
44
2
9
28
0
1
1
43
82
3
45
8
1
1
221
10
909
285
42
1
0
148
46
2
6
163
207
65
0
2
17
569
288
90
4
1
76
28
19
0
1
3
408
34
1
19
2
1
10
0
33
12
3
4
6
361
18
108
102
7
0
68
7
2
9
73
10
18
229
7
56
0
141
10
4
1
5
4
21
0
9
14
1
7
79
653
358
102
12
2
63
45
34
4
0
536
0
7
36
21
21
2
19
0
0
110
0
18
0
133
13
5
1
0
165
4
107
13
0
3
24
72
117
4
3
3
55
425
15
282
27
76
2
10
66
15
32
174
160
49
509
240
54
25
19
8
2
71
7
51
2
225
46
25
12
0
6
0
0
157
11
3
6
1
14
0
3
17
14
681
1
30
476
83
16
37
29
3
0
9
4480
436
2
2
0
97
21
499
63
7
40
5
187
18
913
200
99
37
76
30
13
3
37
26
2
1
12
10
1
4
12
119
160
16
6
45
9
1
117
23
4
109
2
0
4
1
476
9
2
83
42
73
2
15
16
48
6
6
844
93
17
4
14
12
1
18
25
36
51
1
8
7
89
6
4
0
2
12
10
26
7
0
25
0
21
192
4
668
0
2
1
107
9
0
418
304
58
5
36
18
15
48
27
0
1
1
142
99
43
11
13
157
289
6
1
9
6
52
14
17
4
259
13
90
12
7
6
2
22
19
0
44
42
1319
7
14
322
2
7
1029
125
34
223
2
11
20
68
37
51
29
0
11
11
51
10
10
26
313
4
33
1
47
116
52
104
0
7
19
6
0
62
25
12
7
26
7
28
17
1
379
6
47
57
5
3
32
48
32
134
35
93
156
5
48
22
3
5
4
17
3
19
61
660
12
1
4
23
5
146
11
0
3
61
0
296
6
3
0
21
0
45
18
13
2
7
23
24
18
1
7
62
2
68
2
0
0
192
0
150
828
11
160
0
5
1
255
14
1
9
1169
112
1
341
1
33
0
0
0
156
65
90
7
71
20
6
150
0
10
220
2
18
554
19
12
62
17
255
0
820
260
2
17
0
3
0
24
0
0
14
105
11
10
34
815
16
1
4
2
0
42
0
15
38
5
82
1
11
566
15
24
62
74
4
49
6
14
4
2
0
13
0
32
15
11
97
16
16
22
0
2
38
6
117
1
7
46
21
125
21
50
35
0
21
17
1
62
39
104
23
0
8
10
0
1
2
9
20
3
13
16
0
1
0
50
122
19
0
2
2
19
7
16
14
2
60
18
15
18
70
4
294
3
5
13
24
17
3
1
47
34
17
382
20
8
10
0
1
6
18
11
16
1
9
30
163
9
2
1
50
3
1
170
381
148
4
13
3
29
93
15
11
2
1
34
86
10
66
9
2
302
26
0
14
1
3
63
1
5
104
299
47
6
5
45
649
2
14
4
78
3
135
4
0
21
22
8
58
25
17
47
313
8
26
2
2
101
1
67
14
7
195
673
257
80
26
7
63
22
1
7
220
76
1
27
10
18
21
9
1
0
0
2
20
3
57
11
0
32
30
2
0
10
24
0
1
1
10
13
2
3
246
5
125
190
135
8
4
1
13
0
1708
7
28
8
8
38
1
20
5
63
4
37
7
831
2
1
0
1
0
65
305
37
12
34
36
2
7
0
1
36
1228
81
37
51
2
0
29
37
25
74
18
1037
12
0
10
1356
11
3
1
113
12
12
3
2
44
6
67
8
1
9
2
825
0
214
4
86
19
4363
1
0
5
10
0
25
0
9
97
48
0
0
16
56
14
26
0
2
22
104
0
224
1
0
16
12
2
6
1
3
93
34
20
6
1
1179
11
31
12
13
30
173
1
123
16
16
0
0
15
2
66
27
5
6
3
14
7
304
3
67
4
24
16
4
1
159
0
454
0
8
349
2
4
2
18
0
6
0
23
169
11
0
56
7
475
15
4
29
9
1
60
11
10
377
115
169
15
9
8
2
622
3
13
2
23
32
7
29
4
0
49
145
5
0
0
0
4
6
45
16
52
3678
29
39
260
85
15
44
6
457
566
2
25
15
4
198
19
71
4
172
41
54
49
2
33
1051
107
2
4
183
2
76
271
0
0
14
70
49
26
23
250
1
2
233
12
32
3
62
33
12
332
23
9
42
483
2
11
95
16
85
16
1
5
6
67
3
66
193
2
33
53
1
24
23
7
2
2
0
27
13
679
4
5
202
109
2
91
1
8
10
0
172
29
71
1
10
12
1
10
146
241
1
106
17
169
44
12
59
1
8328
102
0
59
64
14
14
10
859
6
97
62
33
20
20
601
24
110
17
4
5
7
40
34
7
0
4
5
76
7868
105
4
18
8
0
2095
0
12
66
8
1
64
6
908
296
0
4
0
16
62
6
2
303
27
4
20
1
177
9
0
5
300
25
6
35
222
1
15
3
34
1
110
2
73
0
0
405
9
16
158
1
108
33
1
8
132
12
15
16
34
3
0
5
49
3
463
11
0
14
475
0
4
35
3
3
0
19
23
6
82
17
23
0
1
48
31
5
93
7
54
593
54
10
1462
8
0
0
0
8
8
64
18
6
177
5
18
18
1
6
3
4
279
19
0
65
0
841
10
54
5
37
83
2
1
5
0
11
2
109
40
9
246
26
8
524
180
17
40
4
10
29
122
114
357
67
4
4
5
34
15
7
4
0
100
2
731
7
0
0
5
2
2
38
3
1
107
29
1
9
7
1
24
8
10
12
0
1
3
5
175
20
808
4
24252
9
3
6
4
95
10
3
0
15
0
6
0
175
6
42
73
6
4
8
111
67
11
4
127
5
430
32
2
79
464
1
131
45
1
0
0
568
3
4
0
8
0
95
6
54
16
6
8
0
2
11
33
36
2
17
54
6
16
61
6
26
6
1
12
3
16
2
26
0
66
61
2
22
29
36
16
188
6
2
23
0
0
13
60
1
82
19
31
13
2
199
51
211
14
35
18
1
480
14
32
1
17
30
433
9
15
0
4
4
32
65
104
60
0
20
15
4
134
29
32
8
25
54
24
90
7
43
57
185
16
4
0
83
0
3
203
21
5
29
109
21
1
2
8
11
0
16
99
4
13
70
1
3
20
25
1
8
0
6
83
58
1
7
0
6
32
23
104
89
5
5
1
18
9
5
1
8
18
69
2
18
32
0
2
8
1
24
69
3
92
21
0
43
9
1
1
0
3
0
24
38
19
62
2
35
21
14
2
5
24
11
8
3
19
41
0
22
118
28
43
8
58
2
4
5
52
22
217
19
76
1
4
54
25
2
2
12
41
1
9
10
3
0
16
26
21
2
16
127
49
44
0
3
497
74
35
67
31
143
211
2
1
30
0
2
60
0
2
794
1
29
0
8
41
188
6
20
9
3
0
65
0
69
48
102
0
0
23
13
150
9
0
9
3
22
6
6
170
9
28
12
1978
3
4
1
55
31
15
0
5
2
71
6
3
87
3
5
1
30
3
3
39
2
2
295
14
146
25
0
286
3
1
5
5
1
5
29
0
20
22
37
164
0
19
11
0
16
14
4
20
0
16
7
5
65
480
539
87
195
2
61
6
161
4
31
277
67
45
3
2
2
2274
181
98
53
184
4
17
11
195
35
7
66
139
40
16
23
0
17
9
11
1
0
190
81
40
1000
0
730
1
5
1
17
3
6
18
23
12
2
291
112
8
92
3
0
10
4
9
4
2
50
9
208
3
6
4
2
46
54
48
119
692
0
0
10
54
261
2
41
30
28
1
4
26
16
4
11
195
32
46
7
9
9
49
12
1
1
45
12
177
20
33
0
76
9
14
0
24
233
90
2
1
13
3
6
1
3
4
6
0
11
29
269
2
4
0
13
79
1
21
0
15
15
4228
79
65
630
192
146
3
2
44
0
4
67
100
16
137
12
4
18
11
291
22
8
6
664
23
71
484
28
60
34
23
21
0
0
5
182
16
56
35
0
110
6
7
14
4
0
0
5
26
12
6
66
2
0
5
0
7
13
5
88
156
6
3
125
2
434
1
20
87
37
155
0
48
55
1
106
46
129
72
2
1
0
16
0
8
4
9
95
884
51
5
84
12
124
0
23
7
7
52
72
13
16
8
1
1
203
590
5
2
210
8
8
14
3
2
0
20
67
71
28
7
12
3
18
131
2
60
1
1
19
1
128
506
6
17
71
36
21
61
9
2
6
36
32
0
16
13
2
1
0
24
7
5
5
19
427
1
34
35
8
36
40
14
52
13
0
1
172
6
1
14
45
0
19
3
73
1
23
2
2
24
1
2
88
20
10
4
2
0
18
5
44
0
8
1
74
396
16
5
48
4
5
5
17
8
11
27
0
15
395
0
332
3
11
0
3
1
5
108
3262
26
13
168
128
17
127
6
16
408
34
120
1
6
29
1
1
1
7
9
86
2
0
30
150
16
175
19
14
3
2
5
0
23
2
9
60
1
8
7
3
35
10
1
1
2
82
18
57
3
23
835
6
1
76
45
108
4
25
2
15
57
0
31
6
49
15
2
1
47
38
115
0
4
126
12
3
95
1
338
15
86
264
9
6
0
2
2
2
6
38
92
4
36
1
1
8
2
50
4
26
3
5
5
231
119
19
7
5
12
4
0
1
6
21
1
270
67
1
50
1
1
9
131
52
16
0
14
0
29
823
171
2
0
224
274
8
729
1744
6
1
2
4
11
82
9
12
2
1
10
0
20
5
0
36
4
1
0
22
111
31
0
1
0
303
1
3
110
70
425
19
6
18
0
23
1
35
15
339
13
1
8
4
2
200
0
270
1
83
17
0
47
10
53
587
28
153
17
9
4
10
2
2
4
1
0
1
16
1
1
4
4
0
20
6
8
3
2
23
2
392
5
7
1
1
80
0
43
1
5
9
35
101
0
26
12
3
8
13
17
16
20
115
6
1
49
0
6
6
73
3
0
122
116
3
1
15
26
62
245
63
7
360
3
16
459
97
1
96
0
45
2
7
27
28
1
3
29
247
49
0
0
7
7
0
26
1
356
6
37
48
2
0
5
10
10
50
38
96
196
5
3
23
2
189
3
24
294
2
0
479
2
1
3
32
10
73
9
21
6
13
628
22
0
1212
135
5
12
2
0
109
304
29
1
2
14
1
17
18
812
239
10
56
47
1
7
6
2
1
11
19
1
3
16
0
165
6
2
28
127
24
0
24
196
16
269
78
27
187
56
8
12
872
3
1
0
44
9
5
723
10
13
1
10
0
371
0
12
25
59
7
33
13
0
11
204
2
11
3
45
4
1
11
1
166
16
8
307
3
7
0
436
764
1
130
7
429
0
101
23
90
80
1
12
7
15
2
74
1
213
2272
1
33
24
7
2
22
17
6
27
7
43
11
12
7
77
22
10
1
6
1
923
0
0
67
237
24
33
34
11
14
35
1
38
52
46
16
2
5
20
8
1
0
0
60
0
4
17
7
437
4
42
0
291
69
19
0
19
4
36
125
50
2852
23
1
0
8
3
5
36
345
19
11
1
5
0
25
6026
13
1
4
13
1
5
13
11
11
36
237
0
30
4
0
41
5
120
10
22
2
167
1
26
58
0
8
0
3
17
124
4
55
28
256
325
2
22
3
1
7
0
3
50
8
0
50
1
24
15
10
2
0
118
11
739
59
16
0
10
3
0
35
23
0
2
2
4
89
12
1
7
95
2
31
4
460
11
8
600
47
0
28
7
48
400
1
55
2
0
7
7
3
36
66
14
12
5
76
17
1521
5
18
2
25
8
8
1
19
210
157
18
15
9
22
8
13
214
11
36
16
9
1657
11
9
2
116
119
8
39
58
80
7
46
53
7
1
151
2
162
44
4
95
1
24
4
6
82
1
17
4
82
11
1
78
0
3
2
0
2
18
1
17
93
1
14
3
8
17
73
14
1
49
74
12
0
417
98
899
0
1
14
1
23
18
42
39
1
16
4
93
13
10
9
37
24
91
7
128
2
4
3
3
15
7
47
1
0
9
2
2
19
3
10
101
26
217
47
192
43
196
3
3
203
16
53
58
3
42
426
13
106
2
12
2
1
4
62
18
0
15
0
10
26
10
5
901
2
0
3
32
8
84
52
10
58
54
25
7
2
13
3
5
11
32
18
14
17
38
5
25
123
22
1
5
214
19
4
2
259
0
381
16
12
42
0
11
6
4
0
2
15
21
95
64
50
3
112
2005
5
1
0
1
10
4
5
102
6
48
147
103
699
69
76
0
2
0
16
1
47
4
8
886
83
118
155
16
0
5
1
66
138
1
7
7
3
0
84
5
59
601
7
1
2
43
1
27
0
1
55
0
1
2
315
14
145
115
47
11
4
105
472
19
1
3
17
35
9
26
10
0
45
9
104
808
9
6
0
1
13
0
22
78
44
9
0
6
6
5
54
0
0
179
5
63
8
52
14
3
50
0
101
3
7
0
1
22
1
40
84
0
0
2
1
76
3023
20
42
5
51
182
1
1
0
44
8
3
6
3
96
2
0
23
1
2
58
97
18
16
6
4
248
11
2
7
9
3
267
32
12
34
10
21
139
55
5
3
48
116
0
33
3
42
22
17
1
2
2
2
18
117
1
76
27
3
92
45
197
59
49
11
22
40
93
0
292
10
2
95
0
16
161
1
24
50
19
22
0
5
8
8
11
0
10
2
10
10
1
1
86
2
79
84
7
795
681
208
1
15
2
0
387
48
54
395
1
9
1
112
1
5
144
0
13
0
19
368
4
42
43
546
3
3
140
56
12
0
30
2
31
1
5
4
0
0
8
142
9
227
39
380
10
14
6
2
7
237
4
245
79
6
38
40
5
1
0
25
1
64
93
0
77
221
1081
193
2
47
40
112
3
51
11
10
12
13
0
140
30
3
4384
1
11
6
42
7
586
19
1
20
0
32
17
30
77
3
81
1
275
20
1
7
50
38
25
115
12
12
2
233
45
41
36
0
170
125
82
0
40
136
0
14
16
15
9
35
38
5
1
7
142
9
25
22
0
40
2
8
1
3
19
624
5
69
58
58
8
527
27
22
3
0
45
0
15
44
3
62
63
4
7
4
561
23
30
2
14
3
0
8
65
23
8
4
26
13
5
432
123
12
1
16
7
163
1
1
1
33
39
38
4
1
18
63
220
51
0
3
156
45
10
6
54
2
7
0
6
24
2
5
12
1
29
2
27
251
11
0
1
6
64
13
11
24
0
12
11
3
1
197
122
176
20
210
1
3
0
13
156
0
29
11
23
285
3
16
116
95
48
3
11
1
21
5
99
2
76
21
0
1
68
9
2
100
2
48
0
23
18
2
2
28
61
1
16
1
1
29
39
5
36
60
118
6
1
5
2
7
24
6
22
45
75
24
5
56
24
12
90
68
115
49
33
128
109
92
46
5
27
1
229
37
28
2
0
9
11
11
53
16
48
17
1
4
1
9
2
0
3
34
3
2
5
1
8
13
29
1
0
56
3
48
3
10
3
137
1
9
13
107
1
17
64
103
3
6
54
129
344
4
5
12
10
2
1661
4
1
2718
8
0
244
0
9
12
6
669
71
11
3
5
74
7
54
35
7
288
8
69
172
15
109
206
6
185
0
9
54
7
42
12
75
4
2
9
6
1
7
0
259
1
24
1
7
1
7
14
268
1
130
10
3
0
71
20
4
0
137
148
15
1
2
8
1
64
22
182
4
326
56
140
18
2
1
0
82
14
3
4
2
1
13
0
27
168
91
33
10
2
28
69
9
338
539
5
2
101
2
85
0
15
4
13
2
0
21
1
134
3
47
0
180
47
10
0
331
2
0
1
35
52
10
197
12
3
10
37
10
664
4
1
38
11
96
23
1
909
20
34
5
150
1
0
15
21
2
32
6
24
11
83
2299
7
31
1
23
51
50
57
8
27
102
2853
1
30
36
28
3
7611
34
7
53
228
16
0
10
0
19
6
20
0
0
20
179
2
1
0
45
2
2
45
0
626
104
1
2
1
6
21
25
8
204
295
6
8
36
0
186
32
18
12
220
4
89
106
12
6
6
60
9
22
1
3
3
6
104
77
25
22
6
2
10
107
0
1
0
260
1
0
28
1
35
49
53
4
0
33
2
0
0
15
0
0
31
2
10
0
16
6
76
3
6
337
214
21
1
5
3
2
7
1
16
1
6
14
10
4
45
8
211
47
0
59
1
1
1
11
10
8
2
8
83
132
54
61
19
1
1
132
137
49
0
181
12
208
1
2
7
0
12
29
199
0
243
87
2
96
17
4
43
15
3
16
231
19
1
10
0
40
120
3
146
30
450
49
1
6
42
15
713
128
0
87
14
68
1
169
303
82
10
208
379
15
0
4
13
5
10
229
22
20
14
78
16
0
4
3
39
133
537
1385
4
1
8
12
6
45
35
3
12
193
4
0
254
1
9
3
7
8
57
51
0
1
9
11
1
25
4
367
2
36
64
313
10
16
441
41
11
1
7
5
0
2
187
63
4
28
11
15
339
28
63
3
5
63
4
8
18
10
105
85
6
21
0
1
26
225
0
8
4
1
51
2
49
12
1
9
4
27
11
6
4
40
9
0
13
5
0
1
69
0
0
13
1
16
18
11
1
0
11
1
26
11
20
1
106
8
0
4
3
0
1
1
1
0
23
24
1
187
95
3
0
6
7
141
8
5
16
0
143
0
0
180
5
24
4
76
19
24
51
28
0
645
58
0
0
50
11
30
56
16
11
264
5
83
3
1
10
11
2
181
0
9
23
0
8
1
7
30
0
21
8
19
4
46
24
5
0
313
81
2
1
88
21
20
4
6
60
120
185
11
2
30
53
7
3
7
29
9
21
297
1
62
5
3
2
91
5
509
94
13
44
0
89
10
4
3
0
756
15
3
18
57
6
7
3
0
196
32
18
25
199
7
5
2
2
7
58
74
2018
127
7
15
18
121
5
0
4
220
21
1
22
20
1
50
6
11
217
245
241
5
4
75
151
60
56
23
12
57
289
83
7
2
379
0
275
10
269
2
32
34
82
10
63
0
38
66
1
10
1
2
4
153
578
3
35
25
76
4
193
2
549
9
369
3
4
14
19
6
25
1
11
7
228
1
0
10
4
20
0
0
1
165
279
20
0
28
7
4
6
40
143
0
52
23
0
16
74
9
18
5
3
2
14
2
51
36
189
193
36
6
60
5
52
2
36
50
568
22
15
4
54
10
7
201
20
257
643
0
6
12
23
0
14
9
10
3
60
4
31
202
100
130
365
5
14
2
1
104
493
42
5
28
10
13
21
25
8
1
452
21
0
297
81
86
4
0
18
0
4
9
11
4
9
0
10
5
1
16
381
2
104
6
7
2
18
140
79
29
0
29
6
2
357
31
1
7
15
1
95
86
57
45
2
93
1
14
68
0
27
66
8
10
21
18
12
6
36
166
11
0
8
54
1
1
45
0
3
5
1
1023
10
23
44
6
13
29
31
7
37
7
1
17
528
593
44
12
6
0
1
50
20
20
5
0
1
0
12
397
35
39
44
2
8
5
1845
247
58
298
71
38
21
71
5
12
2
35
9
34
3
11
4
3
14
1
0
7
0
114
2
0
5
19
557
17
132
2
3
648
15
2
6
13
5
14
6
35
48
12
66
29
6
9
13
1
2
1
60
9
22
20
20
64
33
243
1
3
1770
25
13
1
6344
31
6
0
0
6
2
3
3
3
0
166
31
12
110
8
172
21
16
16
20
6
107
0
5
4
8
20
198
5
17
1
115
2
4
212
13
26
32
7
10
83
0
3
13
274
7
15
1
5
0
398
11
1
7
227
447
51
34
31
6
1872
3
54
2
23
78
77
0
4
157
8
2
16
4
0
0
30
1
5
74
26
48
28
0
33
15
4
4
21
0
17
209
16
25
1
20
1
51
5
14
2
1
6
1
0
16
6
1
15
4
7
583
0
10
50
12
11
0
728
28
25
3
75
17
16
115
1
11
3
5
87
3
35
50
11
3
5
21
223
0
6
47
14
118
28
0
11
103
310
19
50
19
47
1
148
4
56
23
8
0
54
12
13
14
1
16
7
49
9
61
6
7
1
35
9
0
229
25
0
3
39
46
7
1
2
13
489
7
16
92
34
0
1
25
53
0
45
0
1
3
0
2
37
77
74
5
124
1
2
0
21
5
5
1
445
7
20
789
4
11
0
208
2
397
76
2
4
6
2
755
3
2
88
10
1
1
0
53
1
35
2
30
30
5
454
7
238
962
13
3
129
3
1
5
2
68
2
290
4
24
216
49
98
2
0
19
2
9
11
13
2
7
17
35
0
28
0
225
7
7
0
243
48
1
25
1
35
7
64
270
1
4
3
18
0
15
12
8
118
50
107
45
1417
99
13
1
71
20
3
9
0
6
70
4
4
4
1
12
9
8
11
451
10
3
0
6
956
18
165
9
22
1
59
54
5
5
0
1
59
21
16
21
12
139
13
19
11
6
149
1144
18
90
4
25
25
6
38
444
37
0
17
10
24
62
2
6
13
51
543
25
4
6
1
14
20
2
12
0
3
0
170
40
21
16
55
13
15
0
0
90
1
1
21
14
2
18
137
5
65
8457
60
11
20
167
1
2
7
35
15
38
13
7
162
14
3
1
0
63
5
5
182
0
50
3
247
45
70
22
0
1
102
23
5
3
2
13
2
199
8
2
2
10
17
625
24
16
2
51
20
10
1
5
664
9
4
18
0
1
10
73
451
31
7
9
0
7
442
10
18
0
22
5
5
52
1
123
15
52
9
6
2
105
0
69
9
69
49
6
6
4
7
0
25
0
2
4
1
13
62
1
15
8
8
14
50
1
2
23
1157
22
14
4
8
1
88
0
15
40
40
1247
3
259
182
976
3
0
10
11
7
362
30
6
9
39
7
37
23
3
5
37
31
2
10
6
53
3
188
3
12
82
8
3
18
44
1
8
0
120
3
0
1
290
1
3
122
23
11
8
10
102
2
29
43
2
5
32
4
3
11
4
12
15
33
136
35
11
3
32
104
3
21
116
61
46
8
2
4
6
173
2
2
151
1
0
8
2
10
25
6
5
0
6
281
4
14
14
40
5
17
4
108
5
0
5
55
4
2
28
77
9
1
374
1
171
0
0
153
9
19
13
29
67
2
2
74
1
5
0
2
20
288
6
26
1
0
127
2
238
230
75
2
1
3
123
54
16
20
0
44
12
11
3
5
25
1
100
14
0
13
19
14
4
267
30
59
9
3
0
33
117
2
2
30
47
1
16
7
9
33
10
30
7
117
2
11
0
42
40
9
191
3
9
5
2
94
4612
317
11
55
17
10
18
5
5
0
1
44
3
1
631
6
33
29
160
9
28
3
7
5
349
60
0
26
43
22
174
301
3
28
25
20
79
0
138
15
13
16
32
24
18
1
3
8
1440
0
1
21
1
136
3
0
8
0
353
8
2
0
34
37
83
12
10
7
31
4
0
1
21
14
98
35
102
3
1
357
16
145
2
7
26
6
19
1
7
30
6
3
5755
0
6
195
0
0
51
75
10
4
13
301
11
9
7
65
10
24
53
17
321
7
0
57
1
6
13
1
5
18
338
44
0
18
2
20
31
176
0
1
6
6
52
1
0
4
17
15
11
13
1
0
5
782
6
11
4
6
105
37
0
8
345
0
32
4
1150
0
0
0
97
88
5
7
13
8
9
6
2
52
1
67
1
9
15
35
1
306
30
0
14
0
2
253
97
11
21
17
9
9
643
94
67
1
21
7
81
7
87
5
23
1
0
6
2
4
29
7
62
36
3
19
1
2
325
23
33
7
1
41
12
7
20
1
0
2
7
18
71
36
10
64
0
18
76
56
0
224
202
115
11
1370
3
1
34
167
28
0
9
116
201
3
7
124
5
9
9
9
71
16
121
8
171
9
23
56
6
21
43
62
25
14
6
6
2
165
15
31
1
2
7
8
52
35
11
158
6
26
4
233
1
13
0
20
2
1
39
10
25
3
6
0
3
4
26
34
0
9
45
2
10
0
0
0
0
7
155
12
404
15
163
9
5
27
35
23
24
3
5
1
2
13
0
29
20
4
26
6
28
4
0
12
2
6
91
13
1
22
716
0
55
32
0
425
1268
31
22
0
20
18
1
122
50
94
39
14
1
4
116
14
5
5
6
11
4
5
0
2
30
10
12
0
4
1
51
19
57
341
4
710
123
12
75
1112
12
92
715
4
9
13
2
2
687
0
5
238
10
99
2
5
219
15
3
3
160
2
25
6
215
176
13
107
146
3
23
3
77
14
1
8
121
20
8
15
9
0
12
149
370
586
1
35
21
55
45
11
10
3
59
7
1
364
57
6
39
8
16
9
2
157
9
2
1
36
188
1
235
90
0
48
0
22
2
388
138
5
25
34
2
1
163
21
5
12
3
28
144
2
99
1
50
54
9
79
0
379
13
16
1255
14
9
0
86
88
4
34
34
21
6
1
129
2
75
3
40
17
17
5
15
240
14
0
2
12
6
3
31
20
62
3
27
6
42
1
26
725
22
1
7
0
73
3
3
35
9
2
2
13
551
1
9
130
3
66
11
94
186
8
23
3
140
334
70
49
1
1
188
10
4
13
4
10
4
7
138
30
225
225
1134
2
410
0
0
38
6
398
0
48
205
364
83
1
36
4
5
0
8
0
55
538
1
7
22
12
2242
11
0
10800
7
26
80
45
2
3
7
0
31
442
124
35
0
437
10
549
1
10
11
1
32
46
11
11
3
12
1
0
2
577
6
12
2
4
3
5
30
6
1
324
19
11
21
34
58
114
134
227
534
5
4
126
7
13
0
0
12
3
10
51
1
9
62
8
2
109
38
0
2
1
7
3
0
15
2
8
1
4
6
17
0
109
31
3
69
106
7
6
176
5
6
912
145
23
148
36
9
0
64
23
3
2399
2
3
1
2
0
9
0
357
81
0
0
35
0
702
19
23
12
3
4
26
83
2
3
36
7
168
1
5
21
37
19
0
55
9
1040
68
84
37
5
2
4
17
93
178
132
0
92
923
940
6
1
6
39
19
29
19
3
13
14
40
12
11
9
29
9
25
5
214
0
94
4
19
27
8
6
7
3
4
1
5
5
10
102
4
85
11
12
23
16
2
1
1
1
639
48
41
37
221
1
1
1
3
269
60
1
25
108
26
35
8
23
0
21
9
4
9
56
16
73
15
7
121
9
1
3
16
1
5
64
1
17
26
24
8
5
5
4
94
7
17
8
9
36
16
1
3
6
0
16
1
82
4
295
2232
235
583
0
10
500
22
20
0
106
11
1
38
110
197
37
32
1
27
2
76
2
8
153
4
3
12
3
140
8
7
8
25
0
38
8
71
1
1110
20
20
17
2
3
14
11
1
0
1
7
228
1
8
57
8
2017
166
186
8
4
3
199
2505
122
6
3
29
1
19
40
35
63
1
19
3
65
5
19
0
1
3
14
0
39
19
31
8
14
17
0
21
199
6
9
719
4
1
52
4
33
270
2345
0
2
0
6
295
11
53
3
79
2
62
2
17
0
14
20
12
6
8
0
12
0
13
2
465
6
29
1
30
177
17
0
81
0
393
16
1
8
70
320
27
32
11
32
7
11
14
87
1
10
7
1
13
29
28
3
2
3
130
2
14
0
8
10
420
19
39
16
2
204
7
532
1
22
111
51
9
69
0
0
15
58
0
4
0
16
4
485
2
9
2
630
1
35
51
16
22
492
23
17
2
36
1
17
117
4
24
11
3
46
196
4
143
9
110
1
12
58
2
1
16
1580
31
9
0
0
23
50
8
9
290
3
214
64
0
1
49
242
1
1
0
14
29
10
13
6
0
0
1
8
7
205
59
1351
6
72
86
57
77
11
39
34
0
18
55
123
5
9
12
8
5
0
138
2
16
14
20
0
76
3
24
163
39
1
0
920
8
1
1
2
78
20
5
1
41
5
16
37
10
114
20
10
41
3
2
45
29
8
67
1
20
10
25
2
15
49
1
0
131
10
18
7
16
9
2
19
0
219
73
17
5
2
1
8
4
4
56
63
1
97
11
0
48
9
23
2
15
2
45
2
15
6
0
20
58
59
40
4
1
106
47
16
24
11
43
20
38
21
6
26
8
24
12
40
7
45
58
0
37
0
70
121
1
4
207
357
909
7
3
7
8
8
724
9
70
26
0
9
7
2
2
11
531
43
6
177
3
3
8
182
142
24
65
46
1
0
3
23
11
1
352
15
10
5
0
367
56
13
4
23
6
57
2
0
7
7
0
0
7
0
0
40
4
16
165
137
4
16
10
188
13
62
84
0
7
45
95
14
9
17
27
1523
16
9
20
1504
39
56
16
2
8
0
23
2
926
67
9
71
3
14
66
102
3
16
1
220
37
0
154
64
0
92
20
6
5
1966
9
16
9
1
1
482
1
4
9
1
1
4
32
0
5
199
2
12
12
10
17
3
400
5
8
62
19
281
14
15
22
13
17
369
12
1
7
15
71
66
27
5
190
28
1
8
10
193
1
15
0
20
1
85
30
25
6
7
57
4
5
9
21
7
3
0
12
66
24
3
111
0
25
25
1
143
24
3208
4
42
2
247
2
1
29
2
0
1032
2
7
64
8
1
21
8
0
0
23
4
0
21
56
11
534
294
21
51
6
199
13
209
5
15
80
3
70
1
329
2
1
70
2
1
3
0
16
33
192
20
44
0
23
1
9
13
2
0
0
44
8
253
1
61
0
35
39
10
4
133
53
114
30
84
16
182
24
0
389
28
15
14
1
14
99
7
23
627
60
49
8
0
95
92
0
1
14
3
280
0
0
98
2
659
127
4
31
6
11
33
145
2
7
856
45
13
28
7
172
31
12
51
17
151
4
46
52
4
0
24
13
143
39
96
6
11
21
2
8
11
28
5
105
24
0
0
3
0
26
66
9
29
25
9
1
6
6
149
13
2
21
1
0
10
9
66
285
0
18
17
61
1
41
29
18
0
47
13
3
75
151
0
381
38
14
1
315
10
22
53
51
100
7
126
5
13
6
6
23
3
7
12
0
20
5
88
187
354
20
44
163
159
120
9
24
17
63
151
1
14
55
4
29
2
6
1
7
133
88
58
40
2
8
3
14
9
37
0
18
11
3
2
8
7
42
18
61
243
169
1
3
29
7
176
14
2
10
503
0
16
3
0
61
55
2
7
72
8
21
73
0
25
143
4
48
0
5
8
1
1
14
2
46
0
13
40
0
5
2
94
2
11
19
22
21
5
2
57
321
15
12
538
1
85
0
19
37
6
5
40
61
58
98
5
13
35
187
46
41
6
110
2
1
7
43
2319
21
0
3
3
0
14
9
9
7
5
48
256
31
18
0
48
109
1
1
1
21
4
18
1
171
0
6
23
47
167
17
47
15
255
50
1
6
1
20
37
8
21
148
7
36
7
12
8
3
36
8
13
2
0
166
19
2
368
121
1
3
86
9
0
3
64
363
67
21
4
142
21
272
13
52
181
4
6
0
24
10
0
15
75
215
54
45
28
0
39
823
5
4
89
618
3
1
3
4
17
11
14
31
37
26
0
0
0
36
4
141
3
1
1
2
14
3
86
49
1
1029
15
10
594
15
2
9
112
30
34
33
1888
46
65
1
34
0
11
303
13
199
4
2
823
2
3
3
1
0
0
38
2
0
2
1009
1
4
51
12
62
2
1
8
22
1
6
1160
342
8
1
2
2
775
31
58
15
4
41
200
4
54
3
60
0
1
7
255
14
45
66
0
7
0
0
70
82
124
479
2
8
1
176
143
50
15
3
974
90
51
31
208
1
0
3
1
8
95
4
7
23
19
258
5
6
0
59
18
1
31
10
44
13
24
5
5
13
6
0
2
12
0
5
0
88
0
2
23
18
7
8
16
1
30
132
78
38
36
0
81
0
7
12
35
13
166
0
31
27
25
35
52
194
1351
23
35
4
102
117
160
53
20
0
90
1
3
169
1
8
31
26
0
21
1207
55
85
376
337
83
7
28
147
1
12
213
18
50
2
0
5
3
279
7
6
93
8
0
40
57
107
6
1872
27
1
721
14
1
31
45
9
3
45
23
165
4
26
6
10
40
3
89
93
0
7
0
74
13
8
19
163
9
4
5
21
31
7
1
36
61
7
33
8
8
7
34
12
45
3
2
4
9
22
214
27
9
1265
0
6
23
56
2
149
33
37
713
2
69
0
6
6
1
579
2
35
689
6
0
0
13
0
0
9
27
229
17
1231
2
3
5
115
1
122
11
141
1
1
16
233
0
1
5
152
5
6
20
29
3
95
914
33
1
2
62
0
0
55
7
11
3
2
15
7
7
1
220
0
143
25
1
0
6
1
5
61
2
2
4
14
2
10
2
147
608
46
48
111
98
571
75
5
0
9
36
87
11
0
86
181
2
17
97
16
5
14875
18
3
2
0
0
320
7
4
0
9
2
1
2
200
1
8
20
1
19
1
0
4
0
19
22
52
0
123
43
1
25
0
218
59
0
31
28
425
1
1
5
8
27
59
48
0
6
17
191
12
7
80
4
33
4
3
103
4
22
20
3
5
2
20
19
0
4
226
12
145
315
34
6
13
15
538
8
39
118
6
66
4
9
118
173
0
0
0
8
48
0
10
6
4
285
31
4
252
29
474
37
41
88
36
18
122
6
126
2
23
0
1
7
1490
2
0
15
244
1
2
8
3
5
3
18
1
0
3
93
39
43
14
7
20
53
10
9
78
18
62
728
33
24
184
28
87
0
3
3536
109
11
25
131
4
273
0
3
3
1
32
144
0
14
5
1
2
4
0
4
17
8
0
368
6
386
1
0
14
63
39
16
16
120
17
0
144
5
2
1
3
9
9
3
6
5
104
326
11
9
7
123
49
2
4
4
114
21
5
7
13
3248
11
4
1
25
11
87
13
39
5
5
71
2
6
8
106
3
99
2
38
3
78
7
3
90
0
32
7
90
24
7
13
6
19
12
8
5
3
3
2
1
23
9
3
712
7
14
0
194
1
4
35
7
81
171
10
13
9
3
11
5
10
1165
1
6
1
10
142
6
4
3
1
96
19
0
1
2
31
360
39
20
64
7
10
0
49
1
7
13
2
4
44
8
55
0
18
10
19
64
1
137
88
11
21
3
1108
2
0
7
128
67
1
22
3
0
240
37
0
7
15
128
31
40
268
8
19
13
6
223
9
28
242
4
6
21
5
0
4
46
1
1
38
25
20
2
37
2
2
1
26
35
1
600
28
54
13
56
18
22
25
33
3
24
58
3
0
52
57
35
13
0
3
47
37
44
0
11
2
12
0
1
12
2
0
30
27
80
1
1
7
7
18
23
6
91
3
105
22
1
8
108
115
33
55
143
55
1
8
18
11
16
27
61
444
258
6
91
1
7
25
4
476
0
2
0
15
0
55
13
2
0
13
2
13
30
1
12
3
0
123
7
6
7
1
38
33
98
0
2
72
0
34
32
635
10
36
1
4
23
16
24
3
0
12
75
2
5
0
52
0
20
209
42
2
14
431
5
1
6
6
6
27
12
2
33
11
6
3
1
58
7
1
7
162
88
8
30
3
7
40
4
129
238
115
19
3
102
5
10
55
7
3
13
2
20
28
25
1355
3
22
0
8
15
8
14
15
6
179
124
391
3
40
577
11
0
243
3
0
4
163
60
3
21
2
31
65
22
0
1
1
1
15
407
689
9
109
0
4
8
79
1
33
61
3
499
1
2915
1
2
61
123
3
0
19
1
6
0
690
21
253
98
54
11
19
5
73
1
3
12
0
1
7
6
0
33
3
0
1
6
6
55
315
22
109
142
125
56
0
7
5
27
1
11
5
49
1
198
12
51
6
25
35
3
211
1
88
3
33
10
42
61
9
1
3
0
16
1
13
0
53
96
97
757
0
15
77
9
0
26
3
406
32
95
50
313
6
4
2
0
7
4
20
9
16
10
45
6
5
28
11
6
185
20
10
13
6
293
308
35
72
60
31
0
6
12
4208
13
22
1
18
695
3
148
2
195
0
70
26
18
162
4
2
3
458
9
198
15
0
59
12
4
9
5
126
1
3
750
2
39
51
10
1
78
9
5
0
441
123
4
0
19
13
30
0
20
11
104
60
33
0
3
6
1
19
0
12
3
1
4
0
494
7
53
0
1
5
2
5
205
23
51
5
1642
3
13
390
84
7
1871
30
4
65
13
2
1
36
20
56
14
9
12
5
113
2
2
32
5
0
116
3
93
110
34
2
12
8
29
5
1
12
2
30
0
8
12
70
13
27
71
7
21
117
2
41
5
0
2
83
7
196
41
106
27
13
1
5
6
10
7
391
0
19
1
211
0
1
258
368
26
0
2
14
7
14
74
14
7
2
0
20
127
2
15
24
3
25
100
11
14
1
20
143
49
12
72
2
14
17
1
16
5
141
33
11
11
28
30
52
4
59
2
5
105
23
66
21
2
4
931
13
2
7
15
434
237
2
10
107
27
429
2
17
128
43
1
4
25
220
2
9
23
1
0
24
43
16
7
1
1
158
0
10
15
236
54
320
14
50
40
2
28
15
18
1
211
5
3
1
0
0
286
5
17
85
85
50
215
1
0
5
1
120
0
2
7
31
1306
1
3
178
1
7
40
0
5
2
18
21
52
14
5
0
54
48
481
57
12
4
148
14
12
0
3
0
9
120
1
18
0
49
0
44
39
2
186
28
8
24
8
28
0
28
2
0
1787
1
11
35
84
0
13
20
24
0
85
6
0
0
21
1
4
219
1
27
2
3
28
9
1
2
1
17
40
142
12
63
14
1
0
5
0
5
21
7
2
18
2
12
137
7
0
106
1
10
2
71
26
68
2
86
6
266
5
61
14
7
2
6
0
8
28
177
3
2
122
27
3
0
4
0
36
3
2
270
70
1
4850
11
3
2
81
2
29
1
6
226
6
7
282
246
7
6
7
22
4
4
5
0
1
379
31
52
5
99
8
1
4
3
251
16
0
15
6
1
107
1
133
8
1
240
4
0
13
9
15
11
35
1
0
0
10
15
52
18
28
25
169
5
59
49
78
29
0
17
48
0
1
11
1
0
62
23
169
12
109
82
0
5
180
27
24
0
6
61
7
139
26
151
22
1
9
193
9
404
3
1
0
42
0
0
338
265
94
6
10
10
8
179
875
0
104
22
47
302
48
2
1
0
100
1
6
1
0
5
9
45
29
8
4
36
40
129
4
1
12
2345
6
14
7
51
11
0
106
3
9
157
5
168
27
44
36
4
33
71
10
23
211
1
21
27
5
4
14
69
13
1642
232
211
6
10
16
0
126
2
11
28
46
2
3
51
22
1
22
17
55
60
9
3
31
35
9
9
28
14
8
20
3
11
63
9
13
1
29
11
0
0
81
5
4
26
25
7
13
65
25
294
191
11
4
11
33
0
7
34
1
51
29
81
3
102
15024
56
1
2
13
14
26
0
52
12
171
22
6
4
48
57
133
2
76
1
1
0
92
80
4
23
2
0
109
859
1
6
8
1
2
640
4
0
1
4
1
14
71
49
23
1
6
161
6
2
1
31
380
65
3
184
12
0
98
6
10
1
85
11
1
46
26
3
3
47
13
38
151
57
0
1
9
25
660
0
3
3
70
13
107
251
52
16
128
0
38
5
5
36
31
80
100
2
111
7
0
23
7
1
66
4
26
0
676
35
0
7
2
9
113
2
4
19
57
7
5
140
0
67
40
109
2
2
36
15
0
1
3
10
6
49
29
8
50
9
4
179
12
0
4
10
35
10
9
9
90
87
52
0
4
15
14
528
1
5
5
251
27
4
0
7
8
1
3
178
109
2
79
0
27
3
5
230
7
22
0
143
0
534
276
6
55
0
51
150
28
1
5
8
496
10
363
70
529
1
2
43
6
1
5
1
30
198
3
4
23
148
4
14
44
102
136
871
63
7
261
151
39
2
8
47
29
5
4
68
1
19
14
9
1
17
8
7
22
319
325
24
2
40
11
200
54
7
0
1
4
168
4
82
19
1
38
687
0
128
4
723
9
21
1
21
6
11
3
83
12
143
220
315
34
4
1
0
0
11
64
3
0
98
9
2
2
28
9
4
5
1
114
0
193
314
7
0
6
0
4
57
0
91
208
4
8
9
122
2
1
2
15
18
0
683
0
9
2
1
8
25
2
21
46
0
354
1168
62
9
94
32
92
7
1
15
3
2
0
7
2
8
162
11
122
3
18
56
42
1
19
8
376
38
1
24
24
27
279
29
136
2
56
8
3
3
74
1
1
2
232
0
1
125
32
1
45
0
441
1
97
7
11
1
16
29
221
261
25
0
3
10
168
2
7
10
51
0
18
13
326
1
4
1
1
187
11
1
31
25
27
60
2
41
37
11
3
3
6
0
23
115
5
77
9
507
2
14
94
3
1
194
761
40
36
9
1
2
22
1387
9
0
48
0
0
1
3
28
8
101
4
2
10
54
1
26
149
1405
17
1
9
39
5
12
23
15
2
30
0
2
118
5
5
3
3
5
5
0
36
5
351
2
2
2
201
15
11
9
4
29
30
2
7
1
0
123
3
14
0
0
30
729
18
492
46
10
1
249
132
2
11
42
1
5
3
3
25
15
2
254
5
9
2
4
59
7
39
12
8
0
28
1
70
0
38
2
11
59
1
39
28
26
41
153
13
0
0
9
5
1
11
1
49
12
250
13
1
14
92
2
253
5
11
85
10
17
74
14
1
0
2
65
23
8
0
20
36
6
15
3
41
3
11
45
3
1
11
84
28
5
638
5
28
12
152
14
9
12
19
14
36
13
340
2
292
1
1
12
148
282
70
2
17
6
3
31
3
17
15
10
37
8
0
24
98
528
9
48
4
140
5
302
40
18
1
44
66
20
4
19
18
10
9
0
1
42
28
5
5
17
14
30
1
456
2
70
59
7
8
11
7
1
156
2
18
60
0
2
41
146
77
9
0
2
1
53
2
36
2
39
0
2
254
1
2
9
1
31
18
76
4
17
21
6
6
20
9
148
0
3
1
60
92
4
0
8
2
9
11
2
5
2
20
65
11
28
0
12
237
24
16
3
14
21
348
3
17
7
12
287
12
54
182
36
7
39
7
7
4
1
14
31
75
4
1
10
608
3
2
152
0
3
6
5
5
7
1
76
43
1078
8
2
3
319
21
6
60
37
22
10
8
198
4
46
0
1
28
4
2
368
33
6
3
20
36
2
54
3
1
19
20
2
7
0
62
10
51
14
0
3
104
2
5
183
252
23
114
102
0
0
69
10
6
3
17
26
146
2
4
6
15
18
0
529
6
32
4
8
19
83
14
28
2
36
242
3
2
8
17
5
11
9
2
49
4
253
76
140
710
0
297
323
0
1
1
7
9
2
67
92
10
1381
17
2
73
2
0
137
5
31
3
54
14
1
1
389
1
2
179
17
3
5
13
47
25
31
16
10
42
79
670
2
4
57
8
0
388
6
0
4
10
6
1
2
7
12
2
18
8
108
2
8
52
8
2
7
1
361
9
26
10
127
0
75
14
1
1
7
45
310
28
11
4
4
3
8
589
1
9
3
17
168
39
3
65
52
15
140
16
1
2
166
0
10
718
241
80
1
157
11
334
845
9
78
164
7
0
14
11
5
262
174
104
7
0
70
0
78
0
0
91
2
5
136
0
3
69
0
7
54
124
0
5
0
39
18
61
81
47
11
1
22
117
7
24
115
11
0
2
42
255
4
139
21
44
8
109
58
89
36
73
1
51
10
13
14
174
5
6
22
51
0
7
72
10
58
1
1
7
52
3
4
59
234
9
11
0
21
12
4
0
8
0
1
101
0
5
44
24
21
81
0
14
23
36
236
75
33
0
19
2
6
1113
9
5
6
685
83
0
131
0
50
0
23
0
2
78
16
13
0
44
2
86
11
4
29
3
16
63
3
133
1928
1
258
3
0
29
3
22
621
0
5
0
0
764
19
54
74
6
0
2
14
118
0
39
4
142
14
95
29
1
31
427
452
44
13
0
27
27
29
2
1
27
17
0
10
228
47
10
1
1
54
3
15
1
58
1
8
8
42
1578
8
23
37
4
22
22
1
13
94
26
0
23
110
48
1
225
307
3
1140
7
6
8
0
1
10
4
1
15
49
52
21
17
51
379
1
54
8
0
12
36
1
2
15
42
33
14
63
19
11
633
6
1
3
3
18
27
53
114
1
72
44
139
564
1
40
6
258
40
9
7
0
157
18
125
61
142
29
31
5
169
4
28
64
64
29
67
3
81
8
1
3
1
12
86
4
3
16
6
5
61
21
23
14
16
83
32
9
11
6
1
128
27
3
9
3
1
10
0
10
34
22
317
44
5
3
28
22
5
216
7
2
93
67
358
24
28
73
62
79
18
46
2
522
253
4
6
3
34
62
6
73
22
0
100
19
13
24
42
125
133
8
267
187
18
18
40
1199
192
54
4
2
32
2
5
6
63
38
8
18
2759
17
1
1
8
45
491
40
137
28
4
25
3
36
8
632
11
32
21
31
140
227
8
2
4
53
8
43
0
389
4
1263
45
9
1
18
0
1
0
470
4
3
5
489
74
5
17
2
2
54
12
0
56
4
75
24
52
22
22
18
2
1
0
8
29
16
0
0
100
0
16
5
2
93
5
5
135
13
7
2
25
0
0
28
0
3
12
583
15
49
264
14
9
19
0
28
0
4
15
43
14
0
246
5
0
10
0
0
9
111
51
89
9
7
3
408
3
12
11
356
1
19
1
355
0
2
118
107
10
31
16
408
1097
2
4
0
1
7
7
28
78
28
26
10
28
1
27
0
8
29
99
107
3
122
74
13
0
13
17
0
10
410
80
0
8
9
11
93
2332
222
40
4
6
4
48
18
10
0
1
1
104
9
3
7
22
18
3
13
2
104
1
6
505
14
1
56
36
30
0
10
0
12
1
67
3
16
26
14
2
102
10
2
1499
84
83
15
25
9
2
0
4
6
0
55
3
8
7
145
22
29
9
1027
33
21
13
3
2
5
1
38
189
49
7
1
9
135
29
16
22
20
13
15
1
247
12
22
54
0
0
1
31
7
1
91
1844
40
24
119
35
31
51
0
12
77
7
6
3
18
45
279
3
0
5
31
2
8
75
16
41
544
61
6
0
56
10
1
16
63
13
28
308
87
367
9
7
18
2
14
28
4
41
138
5
35
2
2
46
8
6
136
0
2
31
1
0
49
1
3
5
149
1
3
116
12
9
37
2
83
11
3
50
4
181
2
9
16
15
0
1
3
3
35
20
286
13
1
648
102
117
0
32
44
17
49
83
2
5
10
3
8
58
9
37
1
277
8
80
0
20
5
2
37
7
8
307
0
53
33
132
22
1
264
8
92
113
135
0
0
50
51
72
37
12
940
2
478
129
15
10
1
73
13
299
3
140
48
1
6
16
32
77
2
1
8
25
117
0
3
5
1
72
3
0
1
4
57
19
3
8
60
331
13
31
103
1
213
6
0
4
0
49
16
355
15
4
55
8
29
0
430
82
24
31
31
41
70
1
10
63
9
3
13
45
0
3
4
6
154
8
9
103
31
1
21
7
1
1
702
9
17
12
23
0
11
3
9
4
340
145
3
3
1
0
5
19
7
41
13
2
3
72
4
127
0
37
9
0
13
0
26
405
116
1
126
0
21
26
27
0
84
6
39
0
12
6
21
2
80
0
0
11
50
6
10
41
0
2
7
1
7
13
0
77
2
34
4
6
52
34
0
8
2
18
38
776
1
1
51
962
7
1
144
394
55
23
102
0
24
6
494
211
13
2
5
2
7
0
14
37
15
8
36
45
1
5
25
551
161
1
9
30
788
3
6
9
339
82
6
3
12
2
1
24
2
15
7
28
3
60
7
9
4
90
4
64
7
1
5
130
1
46
200
7
8
14
81
93
9
1
16
17
130
1
78
555
3
2
13
71
30
7
215
20
16
4
49
13
1
9
3
2
67
25
0
0
31
161
381
2
619
67
4
0
0
3
32
5
178
4
10
38
2
5
1
9
5
61
5
146
4
17
25
23
78
2
678
42
8
37
1260
229
2
0
2
421
21
1
24
0
4
32
213
39
0
3
110
48
2
21
31
260
4
1
3
6
918
8
40
106
27
165
4
0
0
0
1
14
37
1
1
2
3
13
8
49
73
66
3
4
426
12
60
2
1
20
25
5
197
19
74
31
1
4
0
42
24
954
9
3
5
4
0
2
18
10
18
84
0
402
5
0
94
137
56
12
107
3
11
6
191
0
66
18
3
11
2
12
4
23
3
6
163
1
1
3
59
3
13
9
76
2
10
107
1
0
56
8
25
6
2
19
0
10
14
434
71
1
14
4
70
0
6
13
8
0
0
2
0
1
5
123
6
0
2
55
0
50
119
1
1
489
80
7
1084
3
6
11
20
67
523
30
182
20
51
1
46
1
13
39
1
16
8
126
50
4
1
15
31
0
23
567
8
34
33
7
24
1
48
18
0
2
1
0
64
2
14
3
211
18
5
0
1
22
58
53
86
1
53
15
13
1
38
1
44
102
12
1
0
2
91
2
2430
137
61
996
6
14
22
38
10
21
49
13
3
4
91
24
190
33
4
44
5
1
10
1
69
13
73
32
37
12
4
221
14
11
1
16
39
22
26
23
0
32
375
3
2
6
19
124
16
38
8
76
3
74
63
6
41
22
25
19
396
12
79
6
2
8
1
0
1
6
353
424
2
219
2
2
0
4
57
52
1615
6
9
191
51
14
86
1029
507
16
2
1
165
2
2
52
43
7
3
5
549
3
2
24
450
1
0
27
0
7
2
76
65
8
183
12
5
3
2
2
1
41
16
62
358
50
2
1
8
19
1609
51
0
156
0
58
2
3
8
62
29
31
3
1057
1
33
6
113
17
10
9
18
3
29
67
60
4
0
71
380
0
21
30
3
27
189
31
33
1
6
4
5
46
14
56
200
11
1
133
5
6
38
985
19
37
4
27
3
1
1
161
10
0
13
3
1
5
18
56
1
35
15
17
11
2
36
248
1
4
47
27
1
67
19
217
378
22
0
5
2
14
1
8
13
3
9
8
51
15
0
36
3
5
5
118
226
218
0
1
138
109
0
6
10
0
14
0
1
38
40
19
555
1
5
77
303
775
138
29
75
1
0
4
174
102
35
28
23
7
3
32
42
178
5
1
34
169
17
11
34
13
9
3
5
4
92
6
2
99
13
0
1
0
88
7
75
27
15
18
36
130
215
1
211
82
3
226
44
0
11
11
3
0
8
9
6
6
5
14
56
68
138
2
1
15
4
302
290
7
29
3
21
110
39
385
1
247
131
47
1
0
178
50
454
1
33
370
3
2
2
7
7
4
88
1
37
1
68
2
41
2
12
2
8
0
18
37
2
1
60
3
36
10
15
5
94
245
5
250
5
36
26
0
878
40
26
1
164
35
1
564
0
116
1
0
1
2
145
3
18
67
21
9
8
15
47
15
0
26
27
23
1
8
3
3
3
20
24
3
2
113
28
1
1
23
3
56
0
12
3
9
3
2
3
2
0
5
11
68
19
0
6
1
1624
5
2
20
266
21
137
110
0
370
38
13
3
2
0
20
1
3
46
0
1
3
74
54
6
2
100
38
3
2804
12
18
16
155
0
5
17
20
3
64
0
9
2
45
12
35
21
2
14
3
4
2
31
1
18
6
241
2
2
146
33
142
2
60
3
15
5
62
42
53
97
27
12
7
23
12
98
22
1
15
36
4
2
12
0
1
114
21
2
31
57
15
80
6
14
83
6
1
29
2
0
4
326
84
1
0
2
3
1
6
14
0
1
61
9
1
15
67
14
1
68
6
56
230
3
78
26
3
35
2
67
322
53
0
0
30
128
45
0
12
21
6
1
3
0
1
120
5
0
40
10
7
13
16
3
60
11
71
3
433
32
64
1
28
1
13
0
369
270
2
14
402
45
99
8
140
0
19
52
105
39
0
193
0
573
28
21
38
3
256
1
5
80
17
4
13
236
20
21
3
17
11
21
25
53
0
37
8
2
156
11
5
11
0
0
3
17
3
0
1
417
26
11
8
38
10
2
5
54
27
4
6
23
1
38
30
5
9
2
8
26
38
30
0
0
6
52
5
2
2
28
35
5
6
1
533
8
1
24
33
29
9
4
7
1
111
80
7
5
2
1022
17
10
424
341
10
1
139
27
25
29
37
4
22
107
14
148
14
15
1
36
1
2
33
241
21
17
949
283
222
36
5
20
20
116
73
126
261
10
43
46
25
22
4
187
6
68
23
168
126
120
3
12
68
46
7
3
1
64
36
19
188
229
5
19
244
11
0
5
195
0
24
0
3
30
63
35
15
114
24
1
101
1338
54
1
5
10
0
0
137
3
0
21
9
28
72
54
293
7
7
160
11
1584
1
0
1
8
0
498
20
377
201
116
1
22
1993
2
0
70
19
161
16
2
116
0
78
3
168
3
0
76
1
1
45
12
83
20
66
7
232
12
302
64
1
2
128
3
0
8
19
102
8
13
1
2
215
0
15
208
16
31
15
0
1
98
14
0
34
18
26
71
16
44
11
169
24
1
20
0
1
1
0
7
8
2
31
60
1
29
2117
18
152
5
17
16
0
6
35
24
1
0
41
718
0
47
53
15
30
95
30
32
80
2
35
1
21
26
0
29
131
33
85
6
40
41
65
12
5
0
12
46
137
12
138
33
27
6
0
14
19
78
0
72
6
1065
108
1
3
34
0
32
4
94
26
18
8
53
25
74
49
17
482
17
34
21
5
16
142
5
24
68
43
0
9
8
1
5
153
434
0
1
7
29
62
2
7
22
0
56
61
2
2
43
91
10
5
7
2
32
2
4
3
18
6
125
5
319
779
78
29
233
65
3
6
147
0
0
0
8
0
398
41
11
5
1
3
9
0
1
5
310
117
9
0
28
89
18
238
23
2
10
8
2
26
838
2
233
6
103
0
1393
8
3
32
7
37
14
15
5
232
1
13
1
12
1831
365
3
1
14
56
0
157
25
1
2
0
1
6
250
3
4
119
5
13
2
347
14
42
21
48
3649
27
28
1
4
99
33
260
193
133
58
118
6
1
28
19
405
102
2
6
16
95
3
3
6
1
12
21
10
111
7
0
71
18
10
0
3
1
63
139
16
4
98
5
1
72
6
14
12
57
7
3
7
75
1
16
15
2
2
2
1
0
164
7
18
7
51
16
50
63
32
342
3
0
0
521
119
8
1
7
22
59
10
7
7
14
0
88
12
12
10
0
286
133
298
51
5303
0
0
3
11
3
4
0
58
0
29
1
12
1
84
249
47
12
18
646
1
7
5
121
155
2
874
32
88
30
4
2
63
28
9
1
35
177
0
8
21
18
0
6
6
24
4
85
0
22
3
4
14
505
7
7
13
16
35
2
12
29
61
10
3
5
40
3
20
48
2
9
2
1
43
0
218
1
2
0
109
69
82
122
12
1
9
2
19
34
1
6
435
143
78
236
17
326
8
63
3
65
1
1
9
29
1
1
0
0
11
13
5
18
60
4
2
124
167
0
17
320
52
4
79
55
20
10
7
2
10
1
72
0
10
101
17
8
5
12
69
1
5
52
2
12
5
11
281
2
0
0
7
2
36
3
59
3
19
147
11
58
0
57
0
0
0
33
39
22
34
0
5
6
17
1025
105
2
7
54
2
0
49
406
71
14
5
114
97
6
10
0
0
746
5
0
0
52
24
5
34
0
11
66
0
27
378
4
6
10
122
0
10
0
0
163
1
9
17
0
2187
151
8
1
2
1
16
5
6
13
11
28
3
12
70
0
79
27
5
89
5
8
39
2
276
4
52
5
586
16
63
206
21
15
63
8
2
18
3
1
4
5
32
1
459
33
25
2
20
0
29
8
519
32
4
1
1
1314
6
5452
0
134
719
1
147
28
11
35
7
838
0
35
53
2
21
3
7
53
77
0
1
866
116
1
5
23
0
76
20
167
844
1
45
358
4
0
2
3
55
3
22
20
5
9
1
5
4
0
15
4
362
267
42
31
55
137
20
51
0
25
4
11
91
1
1
10
347
36
57
0
93
129
0
513
7
24
25
6
152
9
49
34
106
59
0
6
5
8
6
215
16
21
22
111
1
0
9
0
4
4
8
1
46
111
17
0
0
110
4
16
69
312
0
286
7
5
29
4
19
3
0
2
1
0
988
33
2
79
7
310
518
1
0
1
2246
10
34
7
20
31
2
1
71
41
15
94
4
47
0
4
470
71
1
39
10
7
68
34
4
23
14
187
25
88
47
48
9
4
6
15
11
5
0
1
3
59
221
881
0
597
1
14
6
24
254
200
2
151
14
0
0
40
3
2
245
1
234
9
2
2
154
7
4
5
4
18
103
17
0
141
278
741
51
104
54
0
3
56
22
2
25
2
1408
58
57
19
11
4
3
3
1
10
26
13
14
3
334
25
24
199
0
52
27
56
0
1
56
339
1
221
5
156
0
10
33
0
2
3
15
6
4
0
2
91
0
2
41
1
81
1
10
3
49
51
28
85
2
409
32
12
56
2
37
6
15
2
10
3
18
3
0
21
0
10
7
85
60
21
0
81
21
17
20
2
156
54
15
1
0
8
7
2
8
24
5
13
7
14
18
2
7
0
0
47
444
0
5
