25
1
222
1
493
0
2
34
8
29
2
30
1898
2
9
61
17
16
9
3
17
40
4
4
71
9
23
176
12
0
14
1
30
13
14
6
6
28
135
18967
7
85
3
3643
1
4
3
1
108
51
0
22
0
589
14
1895
27
52
1200
72
6
11
3
50
2
26
8
12
51
20
40
84
6
3
66
14
151
4
1
82
20
5
292
0
30
1
20
15
163
9
112
46
6
383
7
313
5
742
0
0
10
17
295
42
74
0
6
8
0
63
22
8
139
152
50
6
77
5
425
19
110
0
169
34
63
2
368
7
0
6
58
29
64
196
18
17
42
37
2
27
0
19
21
1
138
36
5
25
64
19
41
12
8
6
50
3
218
1
23
0
222
46
5
10
43
3
8
10
15
23
1
49
78
23
20
15
1
0
5
1
1
5
100
34
0
7
151
2414
57
3
21
9
2
14
3
0
8
24
332
1
54
2
24
17
5
1
4
9
84
6
6
51
101
98
11
16
1
17
8
104
21
15
0
34
43
314
17
80
4
27
395
156
108
14
12
199
121
6
6
0
7
154
9
9
445
105
21
246
6
10
18
42
145
33
55
13
18
2
4
76
26
201
4
0
15
10
22
697
187
1
11
1
11
23
4
673
113
4
8
8
2
72
54
1
1
68
123
122
3
29
12
21
0
4
0
19
5
27
89
36
206
133
7
14
25
23
714
184
6
29
391
2
29
2
36
20
160
53
2
43
24
0
57
4
43
38
3
2
42
2
132
5
7
19
47
5
9
12
1
3524
7
31
9
2
601
27
0
342
757
24
13
33
55
233
95
145
15
72
2
44
56
11
33
12
99
43
56
1
2
20
1
38
1
35
12
7
0
197
80
10
10
94
75
2
6
62
697
64
3
1211
2016
125
1
32
5
21
104
43
2
3
10
0
33
29
591
4
2
8
452
3
146
8
4577
103
100
745
76
1
0
12
2
49
15
1
3
121
382
19
3
3
3
105
9
152
30
318
23
16
40
10
232
58
6
76
88
2
35
87
3
121
12
38
3
0
144
34
15
6
7
0
6
11
7
52
50
12
0
12
18
23
12
154
50
57
33
23
24
27
1
8
5
30
123
2
129
8
6
3
9
3
3
64
1622
22
1
17
3
0
17
126
2
151
362
69
24
106
94
112
104
1842
627
5
0
10
7
21
2
4
332
50
22
116
1805
236
21
80
3
231
8
5
2
155
19
178
53
12
2
14
15
50
42
49
422
10
0
25
13
4
1
56
21
23
2
23
18
36
0
9
10
319
102
160
125
94
1
21
33
10
29
7
56
1
1
26
12
1
2
464
9
100
11
5
8
26
48
122
147
86
182
11
8
29
2
1
10
35
165
7
27
48
1
126
2
92
98
14
1
357
3
771
17
151
0
63
228
65
1
108
136
1
33
13
4
65
0
650
18
7
4
6
749
25
2
39
1
9
24
0
39
30
53
9
4
148
137
14
149
1
21
258
162
5
132
14
61
69
0
0
14
39
8
198
26
119
175
75
59
22
179
13
21
7
77
1
113
452
31
25
4
55
3
22
2
61
11
0
1873
55
35
9
0
19
7
45
24
0
4
23
33
33
248
6
17
82
7
25
2
9
15
46
18
13
41
3
23
3
1013
4
10
0
51
42
90
12
9
36
21
51
7
10
11
1822
5
2
16
23
1
12
337
75
77
7
1
23
8
12
0
32
3
0
25
47
7
47
36
6
2
22
2
75
10
2
1
592
3
5
292
91
152
7
1609
250
35
3
0
17
703
667
2
5
33
0
44
21
21
33
300
16
155
316
1
4
2
9
4
1
66
1
147
10
19
5
9
15
47
182
6
6
11
676
256
28
248
13
183
79
123
1
6
421
49
2
87
10
14
10
6
6
51
7
265
23
6
20
23
0
17
500
30
3
24
24
662
2
0
75
8
177
83
392
8
23
6
21
188
18
29
2
15
37
60
36
120
102
692
0
0
5
227
1
244
3
168
57
599
365
0
12
5
72
5
5
29
5
23
7
5
5
5
6
783
9
32
36
7
698
2
16
428
651
21
31
33
15
12
26
7
30
2
57
1
14
4
4
91
17
18
1
20
0
114
1
50
5
5
383
116
23
109
1
167
8
9
38
5
14
0
69
53
41
193
10
95
29
36
3
0
7
205
1
595
74
0
22
13
104
0
32
0
45
7
11
1247
6
2
0
118
0
24
3
1
20
2
2
1
1
122
24
3
32
0
2
41
0
77
152
43
22
0
21
12
0
36
3
28
4
298
0
18
61
75
38
1
1
14
5
7
69
88
27
6
78
67
1
7
5
2
17
1
6
23
536
13
0
10
7
1
26
0
1
19
27
24
32
13
4
0
205
19
0
0
85
3
66
6
34
69
21
8
0
2
13
0
75
0
16
39
17
19
1
14
3029
13
27
0
109
29
213
7
41
2
66
0
5
42
208
3
16
69
92
61
4
8
8
5
8
56
3
20
11
39
128
17
1119
13
122
491
26
2
212
117
449
54
0
100
274
13
559
1384
12
27
37
66
43
13
73
2
520
69
38
34
327
138
318
70
5
27
0
12
43
78
708
1
16
32
24
0
7
10
12
6
11
35
2
56
0
135
7
6
9
13
221
1
8
2
29
986
33
18
50
44
178
32
0
89
35
1
30
8
39
386
25
23
6
37
1
243
3
48
1
4
418
8
12
1
14
1
0
17
48
8
31
106
0
2
117
78
34
8
24
789
5
25
16
35
1441
4
0
12
74
6
2
10
122
34
205
103
0
28
4
3
7
3
71
2
3
47
138
9
43
7
91
0
26
13
85
1
4
13
2
16
0
35
158
3
23
4
0
71
5
10
18
8
2
502
7
22
14
108
39
28
227
1458
154
67
74
156
19
4
34
18
7
12
0
23
118
10
2
1
17
65
7
62
65
0
3
1
37
2
18
12
9
14
5
83
0
0
22
1
1
37
10
22
1
150
2
35
7
143
365
14
11
30
11
41
8
377
2
4
52
99
150
0
2
0
32
0
11
77
38
3
0
8
61
0
417
53
214
181
12
42
52
12
10
8
612
621
48
3
58
10
35
9
0
0
2
1
54
19
16
333
27
229
4
65
18
60
3
1
178
8
4
13
17
24
334
2
18
20
74
13
27
171
5
1
3
4
2
35
1
8
485
332
204
0
182
15
10
59
0
2
7
79
6
3
15
1
121
209
34
190
3
345
26
3
21
9
161
182
16
72
159
6
13
40
6
2
5
120
0
5
47
1
52
62
2
7
3987
12
2
208
10
2
15
8
61
75
13
16
4
13
6
2
24
642
81
26
53
8
61
15
20
7
123
241
4
14
4
27
8
0
72
4
4
2
8
147
23
0
23
41
4
31
2090
1
2
0
0
70
46
0
135
22
2
325
42
4
54
1
1
0
290
0
30
17
6
63
12
4
848
12
31
65
13
1
5
30
6
3
30
0
2
16
27
34
1423
3
10
5
1
34
455
121
5
121
15
2825
13
10
88
880
43
431
45
613
68
6
63
74
0
10
2
3
41
8
5
186
0
113
4
24
510
14
87
107
28
20
5
0
14
12
576
1
3
14
26
73
7
296
14
14
15
1
3
49
3
9
7
47
1
65
95
2
38
48
4
3
0
0
0
102
14
2
5
454
11
309
0
109
816
31
55
288
51
766
0
29
7
12
17
7
419
417
51
7
1
120
102
10
1626
24
14
1
0
11
22
870
70
19
10
1930
8
97
9
51
4
0
40
6
47
10
345
32
1
10
35
90
24
0
283
42
9
85
0
87
157
10
1
7
9
6
2
5
3
47
13
52
14
1
57
4
1
23
32
0
9
46
12
2
74
0
10
106
31
907
127
15
59
167
6
30
168
1
2
0
9
0
14
1
20
7
2
207
3
15
138
106
4
19040
416
71
6
4
15
30
46
114
190
330
16
13
4
3
24
11
1
4
152
2
62
7
648
223
4
80
288
8
4
4
3
143
5
60
518
109
3
20
17
15
91
53
8
0
13
1
43
7
7
47
15
16
0
5
15
2459
44
115
87
17
5
12
66
3
121
45
61
7
1036
5
10
7
181
3
7
3
14
10
13
11
0
6
25
2
146
9
308
3
68
49
94
3
23
8
2
0
3
17
118
43
6
1304
217
50
79
9
18
2
79
4
14
23
4
6
34
265
39
8
18
32
1
14
20
5
19
66
48
51
7
4
5
0
1
9
16
18
219
30
8
11
1080
1
110
5
125
110
56
5
16
6
36
1
15
188
5
6
0
145
48
18
1
1
0
3
95
9
32
1
14
3
1
15
6
7
43
8
62
239
68
0
35
2
8
7
5
32
0
10
76
1
12
6
9
6
33
10
0
7
29
5
12
14
49
5
170
94
0
104
6
74
0
4
5
13826
29
1
10
36
1
16
18
237
912
1
1659
6
45
1
170
949
2
6
1
2
13
7
0
8
12
17
80
84
25
6
30
14
0
1
1504
20
1
16
3
17
11
446
9
13
40
4
133
5
125
6
5
7
0
0
63
1
58
15
6
241
6
5
1110
8
146
26
1
9
4
3
38
7
0
36
5
0
5
16
12
0
39
6
108
82
31
2
6
34
199
13
160
74
8
24
24
22
6
2
84
1
1
10
42
74
33
6
181
437
123
567
13
523
69
64
5
7
52
59
932
111
10
17
15
10
2
19
0
0
2
4
261
14
3
16
658
299
19
7
4
3
5
7
2
93
2
0
77
16
5
47
18
64
4
0
68
838
57
4
618
35
7
23
0
40
1
58
86
27
2
529
491
8
2
1
63
6
19
76
0
12
0
48
46
5295
0
6
82
9
168
10
111
3
114
0
32
18
12
21
0
3
5
47
51
117
155
11
1
65
61
1
0
22
10
132
34
51
10
12
74
7
187
5
0
16
21
1
15
24
17
3
3
18
18
9
3
1
13
56
59
710
12
7
15
3
50
6
59
18
194
29
7
9
178
43
0
36
1
8
32
11
51640
2
46
39
37
30
131
56
15
2
4
18
27
11
163
39
0
15
34
26
0
5
94
10
1
2
59
7
487
37
114
14
12
10
0
8
71
1
5
27
2
21
2
2
5
7
3
6956
0
668
5
2
35
29
24
113
148
44
41
1
55
32
11
97
49
19
0
184
5
4
43
210
20
7
87
4
0
2
494
28
14
4
48
66
67
4
2
26
442
18
9
2
3
0
9
14
26
3
27
386
0
17
110
38
2
20
1
135
7
263
11
184
30
1
359
2
102
2
61
2
5
3827
104
261
12
299
5
6
1
5
8
54
1
147
47
24
2
21
126
18
39
87
13
2
13
6
9
23
494
0
362
1071
134
1
2
16
0
2
9
1
6
143
2604
532
3
57
47
100
6
0
294
8
0
116
64
72
31
23
27
14
63
5
6
21
28
11
103
48
47
14
1
11
283
5
234
9
57
96
4
0
1
17
1
3
89
0
0
86
0
0
6
109
7
79
27
6
704
49
0
3
39
125
7
87
275
10
21
91
0
228
3
15
0
3
33
18
18
110
3
26
4
35
28
2
2
192
78
62
17
1681
69
3
331
5
215
23
314
18
1
16
26
288
18
10
2
0
1
14
21
357
68
3
449
65
16
26
50
48
4
37
25
4
50
27
2
1
12
0
77
88
82
2884
98
16
0
5
0
1
0
1
10
6
81
4
22
4
6
0
38
150
246
960
11
4
5
2
20
5
1182
93
42
1
7
18
2
40
95
8
9
64
7
36
2
46
255
0
79
36
13
1
17
2
3
4
14
12
7
7
208
2
105
1380
14
11
45
276
2
30
77
57
37
39
1
0
45
192
87
1
201
122
16
0
222
149
20
17
0
40
30
1
1
7
6
31
2
7
15
4
38
251
9
2
0
2
5
38
1712
33
234
34
219
0
188
2
13
3
17
12
20
1
32
35
2
5
93
12
40
0
9
2
5
5
0
14
212
0
2
12
6
15
21
7
58
7
5
480
8
12
124
42
17
14
6
56
5
4
19
387
11
4
32
7
0
52
1
120
2
25
63
9
182
1
73
17
8
10
321
884
56
27
7
345
1
18
1
23
29
51
12
4
1
5
7
11
2
7
54
210
568
1
16
90
11
0
1
222
14
19
132
6
168
5
14
20
8
1
11
11
1
91
39
167
5177
2
98
6
3
22
53
219
6
29
50
19
107
1
12
553
264
17
285
26
24
56
19
68
8
54
10
21
6
5
7
24
1
43
2
110
3
79
43
62
1
152
12
2
543
9
14
8
4570
1
4
124
1
21
3
11
12
4
77
38
5
1
0
42
0
14
2
10
2
2
11
203
34
46
3890
152
722
3
68
4
49
4
30
20
41
1
262
13
0
5
1
0
4
2
6
14
480
127
25
1
7
6
167
91
6
4
1
1106
0
5
17
70
4
38
9
3
313
38
100
64
8
111
29
11
37
11
36
17
47
34
65
31
5
198
71
7
48
11
4
7
11
9
28
24
720
26
6
1081
506
144
9
17
8
242
0
31
5
4
4
0
18
17
0
1
66
806
55
134
8
1
3685
1
13
8
55
438
33
22
90
12
139
36
122
0
72
25
1
3
31
7
196
37
1
10
1
114
4
19
4
580
130
49
3342
3
16
17
9
8
2
19
11
290
2
3
187
124
8
18
3
65
62
3
60
24
11
114
161
46
1
15
0
1451
28
2
182
7
1
45
2
72
61
98
97
9
496
130
0
11
3
300
31
13
153
0
0
0
18
6
360
37
1488
29
45
11
9
2
0
4
148
224
106
31
4
69
23
4
6
1
4
4
19
163
7
16
26
11
11
110
4
1
11
2
25
21
166
2
1
45
56
5
2
18
7
0
10
65
134
9
0
10
105
34
20
39
1
0
69
0
20
50
0
5
146
6
9
453
6
7
41
270
0
31
173
77
32
61
2
16
3
11
76
67
5
8
0
16
28
43
16
0
23
97
15
12
7
5
243
6
34
5
16
3089
7
3
6
2
26
250
9
14
0
0
1
53
45
1
96
19
6
373
77
189
30
14
41
2
7
126
41
2
56
12
209
476
36
262
8
431
21
114
4
10
28
33
63
107
36
43
9
8
6
11
17
2
2
0
84
17
8
115
3
0
8
819
4
10
76
490
19
12
3
16
215
50
636
54
55
6
30
24
2
796
0
3
128
61
53
374
218
3
164
21
132
522
36
0
1
18
66
11
5
18
5
95
4
42
20
4
9
5
2
11
7
21
36
291
1
2
34
16
89
63
6
15
44
17
54
30
44
1
4
0
0
75
3
6
14
1
10
51
61
44
16
1
7
4
10
41
31
12
4
435
1
115
1096
2
15
18
3
90
3809
69
1
6
286
38
1783
72
87
3
2
2
70
92
24
17
93
1
3
20
26
35
0
47
3
6
1
111
189
4
110
0
38
302
25
136
12
462
13
79
9
370
160
6
0
685
6
18
6
0
336
20
1
5
658
53
4
23
33
10
5
385
24
10
108
21
22
2
9
192
30
27
2
0
3
29
31
73
19
105
38
331
9
16
15
6
16
0
0
26
51
174
7
4
59
1
20
12
3
1
3
0
1
281
234
55
12
12
3
0
10
28
21
163
7
53
27
1
74
0
2
102
2
14
2
57
0
0
431
7
77
5
1
14
4
45
2
18
45
19
4
138
15
105
8
2
5
3
1
51
128
25
2
40
14
5
8
1
442
171
13
6
273
211
306
5
497
2
131
5
342
48
2
17
34
15
53
6
0
480
20
4
6
13
43
11
113
9
0
197
134
62
8
7
14
7
5
5
38
7
306
3
10
2
2
4
4
22
3
1
16
36
31
149
0
0
8
18
31
68
0
48
6
40
0
3640
88
1
6
13
722
164
50
123
13
1
14
4
2
50
152
68
245
90
3
0
4
27
87
50
52
5
3
378
7
137
265
2
34
8
22
9
2
3
78
221
49
63
23
194
3130
18
24
83
16
59
46
0
0
142
3
27
5
0
7
6
84
48
147
63
16
6
28
18
2
40
277
1296
144
197
3
16
51
98
67
27
174
5
98
249
20
28
4
10
5
43
9
0
16
7
4
72
9
1
2
130
312
0
40
244
0
1
64
2
19
12
10
15
1
18
3
1
2
126
15
18
156
12
14
39
0
26
2
55
2
3
4
1
183
94
37
3
537
9
16
0
6
62
5
19
16
4
9
10
8
51
5
9
1250
10
6
122
3
28
56
95
0
28
29
9
7
4
0
45
157
69
82
37
35
25
13
9
5
339
1
1
0
161
3
2
31
3
375
6
8
35
1
30
17
7
5
1
59
7
6
10
12
765
4
69
3
3
46
4
653
134
19
70
594
51
6
28
2
16
32
106
23
8
2
38
30
17
101
298
5
418
2954
9
1
0
6
0
5
0
238
3
127
12
74
15
33
15
1
46
69
23
297
1
2
36
60
7
2
0
149
466
10
4
9
45
58
4
11
5
6
10
572
1
33
124
2
23
5
12
3
6
28
2
21
25
36
4
9
172
7
75
17
346
53
20
0
36
15
14
716
36
70
1
2
8
45
0
8
3
13
177
293
0
3
0
3
5
0
8
9
187
0
9
4
4
328
9
7
3
279
5
6
0
27
6
62
2
0
143
11
3
11
25
2
1
195
24
5
0
111
1
55
42
106
30
288
215
35
43
510
16
567
139
39
61
16
9
11
7
2
38
4
2
60
105
6
124
64
562
8
78
15
6
77
6
34
4
32
0
32
27
21
20
7
22
31
15
14
66
74
12
32
310
1
7
24
31
165
76
2820
23
8
2
2
11
10
5
3
12
2
261
276
90
11
72
8
1
55
132
1011
32
55
3
4
3
5
34
19
1
49
1068
10
57
1
1082
2
12
5
28
52
84
23
12
2
304
0
674
20
108
5
0
106
6
21
4
1
246
38
8
10
194
0
44
1480
3091
19
3
42
86
16
2
3
169
466
14
9
5
7
804
4
15
67
1
10
25
29
8
143
2
298
37
15
11
0
6
258
16
1
4
722
44
2
148
6
120
3
8
3
8
131
326
372
83
40
2
5
90
2
393
173
48
44
22
13
16
12
48
15
58
2
1670
3
36
45
308
40
1
5
160
1
269
0
1
35
13
11
550
127
2
60
25
1
2
185
6
4
23
53
11
2310
297
13
13
43
1
2
34
28
11
20
4
2
6
115
237
67
52
3
32
87
2
5
10
2
23
8
72
105
0
138
2
1
1
7
22
19
91
1831
54
1
4
0
344
2
47
59
55
3
13
31
22
34
6
38
8
69
19
495
0
7
4
3
3
30
93
3
12
57
13
33
244
133
159
35
168
11
24
0
221
5
30
0
101
512
17
42
29
186
8
32
5
4
933
244
71
16
40
37
149
0
75
2
251
44
35
1
18
0
50
30
63
13
34
3
4
145
58
3434
74
3
12
3
652
8
19
9
4
10
18
0
21
1
10
1096
51
400
42
13
16
2
456
29
0
50
20
1
61
49
17
4
30
545
22
1
0
63
65
108
182
384
20
32
12
1
39
3
27
5
94
28
18
5
95
91
27
29
4
115
6
345
11
13
126
0
18
50
4
17
6
2
3
3
130
8
0
10
12
17
0
10
140
10
0
7
878
528
30
46
15
208
1032
40
43
8
185
263
3
21
155
16
7
16
2
139
2
7
265
1
19
5
17
1
4
2
14
9
54
2
116
7
386
33
65
47
17
29
0
3
16
372
47
304
2
115
166
124
646
2
26
43
543
53
2
51
59
38
5
2
29
0
9
22
757
3
3
0
3
1
2
4
158
23
6
5
806
136
2
6
47
21
92
6
18
3
3
7
18
5
7
60
10
79
0
15
83
360
198
67
4
150
134
2
123
1
34
62
221
0
121
76
22
160
46
12
8
9
3
49
20
13
33
73
104
445
4
14
5
21
0
12
14
0
51
112
15
46
6
81
0
0
1
4
5
9
3
16
0
16
0
0
84
1
136
111
3
0
19
4
47
5
108
11
353
62
103
9
44
43
1
3
3
6
559
240
115
5
1059
2
2
29
30
0
2
20
2
50
1
29
126
9
1
15
12
26
946
348
6
18
236
14
461
28
209
22
255
65
124
3
69
293
4
6
32
6
2
20
12
4
16
2
0
175
7
8
17
4
17
7
51
50
16
35
13
10
88
63
3
181
26
13
86
3
194
149
212
72
0
2
910
9
1312
152
4
374
23
24
122
13
7
301
2
66
578
123
13
30
169
42
6
58
2
43
38
1
20
1640
18
50
80
19
0
1
3
13
35
2
11
83
12
11316
20
71
189
42
71
0
164
42
14
2
19
11
125
3
81
395
115
55
14
13
1
12
17
20
0
0
4
29
2
13
4
2
32
36
36
4
8
15
5
0
1215
3
326
61
25
236
29
12
3
4
311
74
6
10
0
72
3
33
12
7
15
0
43
3
13
22
2502
31
1
18
2
6
2
7
5
2
165
584
3
9
79
381
69
20
55
12
794
131
0
1
3
42
29
342
48
0
32
47
89
11
1
9
138
5
5
6
110
0
9
7
4
4
54
68
94
886
8
8
0
176
159
53
2
26
302
10
389
30
27
0
14
0
139
30
4
2
1
19
43
34
8
1
4
22
84
12
383
1
0
217
641
116
3
829
6
0
23
36
64
0
1
12
5
137
11
17
9
165
42
1
3
2
24
6
63
5
1
38
8
248
56
28
75
7
8
0
1
28
89
78
688
10
11
12
3
96
44
5
68
5
3
87
41
101
6
14
10
2
17
1
68
26
49
11
5
544
88
31
24
81
67
399
44
66
197
31
39
1
15
0
1
0
22
0
35
7
493
0
8
125
43
1
17
5
40
235
66
2
8
18
63
50
13
0
365
1
6
40
36
1
22
1
93
366
13
3
25
1
59
206
22
11
13
18
66
9
10
19
1
0
42
386
21
286
36
640
170
20
127
1
23
5
0
269
46
380
15
5
8
40
21
41
35
5
2
10
253
17
240
316
51
33
50
37
9
83
34
1
1
232
30
4
7
60
45
12
273
1095
1
0
40
21
191
25
11
66
63
2
0
4
38
25
9
14
199
7
648
109
15
61
68
15
62
37
27
154
0
363
104
0
25
2
4
146
3
41
1
4
3
19
16
24
63
0
0
2
7
5
4
0
8
157
342
21
1
192
253
59
0
5
126
4
1
20
4
4
735
315
18
125
18
7
1
6
2
77
11
6
13
1
1
1
36
5
53
5
29
56
12
17
65
12
0
3
19
24
2
66
1248
2
0
6
2
7
1427
44
0
2
8
30
217
311
81
9
37
15
1
8
0
1
115
1
2
8
1
412
20
0
13
8
54
158
10
9
5
5
24
9
9
14
0
6
16
65
142
154
16
191
26
3
1
13
1
14
2
443
10
14
0
19
43
554
257
12
4
312
17
53
3
1587
7
569
101
474
502
435
2
0
0
1
5
70
326
199
20
52
10
260
20
14
2
1
7
3
4
1
6
1
4
177
66
0
0
1
43
26
11
2938
4
22
21
95
0
0
10
2
34
287
19
9
26
4
0
0
16
127
29
8
10
0
0
6
2
6
20
1
25
68
148
30
28
6
103
9
69
169
14
33
189
29
44
1335
9
2
5
1
24
0
8
2
17
10
4
1
16
87
4
4
20
0
6
26
25
36
22
86
92
17
7
11
1
1
18
129
68
3
9
6
126
3
13
16
6
39
4
11
51
5
4
130
1
16
14
16
9
3
68
66
4
22
151
1294
129
9
15
182
12
10
219
22
3
56
21
10
13
6
16
0
11
1
59
34
6
0
0
685
32
162
118
0
152
17
165
2
2994
0
3
1
10
4
34
28
106
36
124
33
14
6
31
4
5
3
34
23
25
10
7
9
6
4
1
19
40
9
9
5
2091
8
14
0
10568
11
11
3
7
5
1
23
8
4
27
7
0
17
103
20
2
2
65
320
7
5
1001
33
18
18
13
0
20
22
9
5
21
8
86
3
15
21
4
18
425
9
60
0
50
27
0
58
0
334
15
120
33
13
81
138
25
21
15
305
5
2
389
19
0
6
194
29
0
3
5
11
4
0
3
273
4
4
1
109
19
60
0
3
26
54
162
6
0
21
55
71
5
3
18
2
26
18
11
10
1
359
387
22
28
377
42
65
7
10
30
64
0
36
105
53
9
22
222
1966
34
29
2
28
7
136
2
18
41
14
14
20
180
96
32
1327
4
13
229
65
15
4
89
205
2
6
0
36
15
8
0
7
16
251
6
65
18
117
4
3
60
97
57
500
6
321
44
4
0
73
2
4
127
3
41
166
26
811
178
71
126
4
83
217
6
34
55
336
11
8
10
5
6
4
7
4
1
25
4
14
20
184
949
7
54
2
1
6
10
0
27
11
15
73
0
11
49
95
1
61
5
1
1
23
27
2
122
31
562
148
1
29
79
0
2
62
10
8
48
10
201
46
132
9
64
43
44
769
2
9
175
2
1289
2
59
28
57
68
9
27
23
3
19
67
1
60
6
172
32
481
0
6
28
0
207
20
1671
4217
10
20
112
46
1
4
3
49
6
5
105
4
5
14
13
0
3
64
0
0
91
4
47
16
3
0
7
327
1534
2
19
2
80
76
346
8
13
81
2654
30
0
415
185
3
17
609
1692
75
11
0
105
5
4
2
51
34
1
886
0
44
4
45
0
0
19
7
64
8
30
11
5
27
17
5
25
263
0
715
12
0
53
79
25
10
218
70
14
17
63
16
4
7
27
176
9
753
2
50
1
5
54
545
15
5
11
5
11
5
24
19
3
2
57
2
80
5
26
100
17
10
15
22
67
7
17
7
5
3
22
45
4
7
22
16
7
180
1
10
512
16
47
72
32
9
78
61
26
8
769
20
21
30
18
21
0
945
8
1
35
93
21
9
11
10
378
49
1
1
36
534
212
37
7
214
2
20
7
174
2
2
34
1
1
15
224
2
8
24
11
2
1
515
379
64
72
16
100
4
13
6
19
1
34
244
15
307
34
63
10
86
6
37
26
52
5
22
10
29
0
1274
28
12
2
7
0
93
17
349
64
13
8
9
42
8
17
3
26
31
24
30
18
25
0
2
117
1
1554
26
280
231
8
42
33
338
3
4
326
14
18
545
0
7
97
12
68
65
2
0
1
4
0
5
47
14
9
31
5
66
22
128
15
30
1
0
0
9
2
20
9
20
0
0
1
178
12
5
55
7
4
1
295
2
17
32
24
290
14
6
189
91
8
26
13
4
21
22
5
0
121
8
74
32
11
1
38
3435
26
0
2
267
5
19
1
1
2
15
111
86
322
130
94
12
6
32
66
42
94
17
15
18
11
0
37
6
2
11
14
139
81
31
4
63
12
1
14
9
0
58
32
5
2
4
2
58
345
37
14
47
29
11
10
167
2
1
830
1147
10
131
254
6
7
40
167
36
8
18
3
4
244
18
18
37
51
170
265
0
136
1
245
119
15
13
7
135
1
15
126
28
2
1
3
38
56
5
3
0
6
30
11
318
6
22
123
312
26
1
19
218
0
0
1
1
1
44
3
0
1
362
151
2
144
9
240
5
7
118
90
39
22
10
3
6
39
10
326
241
26
60
400
1929
2
41
1
0
26
5
202
31
8
52
3
13
16
154
53
4
4
15
3
10
8
53
2
0
2
104
10
358
7
165
1
68
2
739
3
19
39
6
68
131
65
3
9
272
54
6
49
6
344
17
1181
28
6
674
44
75
9
8
40
49
144
3570
19
22528
7
31
245
3
78
5
0
15
282
2
95
25
78
13
28
2
15
44
1
10
0
1
50
6
289
212
1
42
56
6
41
4
0
68
3
15
69
8
995
4
1
23
2
11
8
36
43
16
1
14
181
37
0
36
15
2
22
9
0
152
5
149
1
3
124
211
4
4
7
3
41
8
38
90
6
23
228
1
2
3
24
67
100
7
265
37
34
67
0
2
4
119
702
24
44
5
3
184
3
13
56
2
21
139
1
1
71
7
2
29
93
41
27
178
0
276
2
16
11
5
10
654
3
75
2
152
253
137
21
12
25
73
27
52
0
220
76
8
19
41
117
41
52
46
17
3
37
47
0
5
6
39
76
17
11
29
152
15
175
101
99
17
39
0
0
9
41
1
8
20
8
20
6
7
0
32
1
4
16
23
2
1
122
9
5
2
18
14
446
108
17
72
10
101
13
14
118
1
44
5
17
69
27
57
244
146
68
2
85
1
6
3
1001
91
713
7
342
4
3
9
211
17
3
877
1245
51
14
99
53
13
25
4
1
49
0
101
21
1
13
0
3
44
25
18
6
646
3
23
9
233
321
5
0
28
418
31
14
5
3260
28
48
19
1
82
6
12
2
8
43
32
31
609
17
0
42
254
4
35
1
1
5
1
5
77
79
1
3
4
42
3
3
1
2
191
5
4
9
95
82
16
7
0
21
14
43
112
63
1731
18
306
439
4
7
8
0
22
2
127
70
4
47
7
198
17
0
15
2
342
1019
3
0
3
300
4
4
17
4
267
2
437
0
401
1
8
9
85
2
3682
6
187
6
148
0
32
2
0
5
7
73
12
102
28
7
80
214
14
74
60
14
13
246
123
47
0
14
0
104
17
3
74
379
182
0
22
4
3
14
299
70
19
5
12
8
4
31
132
328
56
0
187
21
0
2
4
506
0
21
11
40
7
3
165
41
2
170
0
41
8
102
13
0
10
7
15
1
3
1
49
47
0
21
1
65
9
1
6
566
36
6
0
8
23
107
12
25
9
172
913
30
12
802
2
11
131
116
9
62
110
3
2
9
9
48
5
10
47
13
89
10
63
6
0
4
1
7
7
130
24
138
41
40
53
19
233
88
8
8377
3
41
2
1
351
0
6
18
0
1
72
0
35
0
2
186
149
1
5
41
278
12
18
1666
123
11
3
23
83
2
4
18
93
3
1044
13
8
0
1
605
83
884
5
245
9
79
7
13
131
42
62
648
305
27
29
239
0
10
34
255
151
138
1
3
77
40
1
24
99
301
0
2
12
3
22
278
84
2
7
103
3
1
11
1
0
6
35
0
6
15
5
17
3
8
4
16
2
49
36
784
3
3
146
56
627
3
9
60
7
12
23
0
101
41
57
0
1
20
74
3
3
32
37
49
78
164
2181
2
1
0
41
0
0
33
98
11
50
1640
1
22
90
41
11
0
14
1
63
40
2
36
1
117
8
159
3
129
38
357
0
27
10
15
27
132
25
76
25
6
2
98
3
31
34
56
43
0
59
18
66
29
7
452
1579
577
1
13
2
6
12
2
20
103
43
76
408
3
16
12
6
140
9
225
21
1
114
0
45
220
5
35
139
57
26
2
192
15
10
5
143
6
14
2
2
587
35
8
7
8
38
17
10
4
234
19
4
27
70
24
0
5
77
0
10
24
1
569
49
18
1
8
8
1
428
34
5
8
3
29
7
132
30
41
118
0
15
0
16
152
3
1
6
0
