151
24
12
10
12
5
21
0
3
18
0
73
3
5
0
36
155
291
1
4
9
1
17
4
114
5
128
22
47
3
58
2
6
43
27
55
3327
206
11
6
0
2
8
38
16
244
23
159
170
73
17
3
130
1
782
14
34
0
104
45
0
16
11
240
28
6
12
3
5
295
3
13
212
10
64
47
3
2
77
118
37
14
28
4
258
18
487
8
17
452
344
7
4
8
257
1
98
42
32
17
0
17
5
0
43
10
14
8
12
14
67
6
0
4
12
29
7
187
2
22
13
2
12
2
72
0
76
26
12
385
11
38
34
34
14
18
59
7
8
16
47
9
1
4
1
0
3
23
6
7
18
0
16
412
17
648
208
18
4
11
50
4
99
18
5
0
3
0
5
19
10
152
137
2
13
1
23
19
10
5
234
21
39
9
6
311
5
2
3
53
1
0
16
6
253
72
198
51
0
50
1
78
17
5
3228
2
1256
825
0
13
1628
16
44
3
19
14
1
68
2
0
2
3
1
12
14
2
45
1747
3
34
161
10
18
3
67
62
910
38
2
7
45
137
11
27
21
9
31
87
0
7
25
19
71
29
12
71
36
144
13
12
77
43
16
59
4
30
2
3
12
3
11
104
81
48
0
10
20
14
5
71
54
20
160
65
0
19
1
8
120
0
0
91
16
0
181
36
159
183
38
10
144
3
2
1
12
220
7
1
94
34
1
6
104
17
0
1
1412
0
432
56
1327
1
7
69
14
93
12
12
5
141
2
15
175
14
247
304
577
23
173
122
0
36
1
30
5
20
363
83
2
323
37
3
0
17
59
458
50
1
2
192
14
1
1
17
14
1
0
34
24
22
4
6
1
33
3
1
23
11
91
22
3277
0
90
8
4
1
17
5
25
843
88
50
324
15
72
5
1
68
11
8
3
20
2
4
27
2
12
11
3
0
1850
13
20
72
5
4
0
71
234
0
3
128
3
189
0
6
4
9
1
18
78
74
261
95
4
58
0
77
11
10
5
2
0
3
0
3279
3
149
4
22
38
3
4
2
168
7
35
280
7
61
90
1
10
47
11
2
15
28
3
19
306
5
9
2
89
3
207
392
9
69
4
6
1
284
22
9
44
8
74
13
1
4
1
294
14
25
0
6
18
9
65
79
21
71
1019
3
3
8
4
15
3
94
4
14
9
3
27
15
39
1
35
9
74
23
50
191
5
30
5
41
6
11
73
0
7
261
4
242
270
2
131
55
151
3
287
4
47
2
356
204
8
408
38
101
5
153
40
8
2
4
7
27
237
27
22
7
19
19
32
82
3
15
0
3
321
11
4
1
1
1
493
43
61
14
4
10
27
1
118
35
9
2
1
7
24
201
4
251
1364
61
4
38
16
10
100
10
3
119
19
15
1
31
5
12
29
9
0
179
2
4
37
0
88
0
147
23
1
1426
1
1
4
14
104
3
13
1
75
0
2
7
116
3
274
19
20
4
3
11
195
9
6
203
142
7
15
5
6
6
192
4
8
8
1
3
448
12
19
7
4
76
5
10
565
49
87
208
1
59
67
4
37
31
2
45
17
0
24
3
10
114
103
0
17
50
30
0
0
9
16
20
112
5
17
3
10
1
2
23
70
0
10
4
2
29
2
142
8
3
1
2
47
4
3
3
365
114
55
22
81
18
23
26
11
39
598
63
16
459
2
2
54
5
0
7
17
0
16
0
66
4
1252
62
111
327
33
214
0
35
14
13
2
104
8
5
94
27
7
0
9
1
30
1309
0
174
0
9
65
562
26
28
7
1
3
366
16
57
365
3
1556
25
3
2
5
2763
20
1
2
31
25
15
48
140
10
13
1
14
0
54
235
194
3
28
85
3
7
26
1
15
0
0
57
10
54
152
43
126
33
23
37
3
4
5
13
203
7
6
8
136
26
69
4
127
181
5
10
237
26
23
0
2
41
42
13
56
0
46
5
82
10
31
91
39
4
46
58
0
19
1
17
75
24
13
36
0
11
2
10
10
16
26
28
32
47
20
8
9
3
0
2
2
1
41
1
0
66
14
3
14
70
145
2
2
18
6
7
162
8
138
3
528
52
6
12
13
3
5
6
0
22
2
170
22
2
17
99
3
366
5
52
34
1
73
140
59
0
83
119
210
0
15
29
120
1
34
1
0
0
48
0
1494
62
39
180
3
10
5
0
2
16
15
4
83
4
3
72
3
71
2
9
2
2
6
4
430
50
12
2
165
3
2
63
2
2
10
1
24
4
107
0
123
16
50
6
30
255
1
5
55
78
0
7
64
0
1
722
3
1
0
176
190
1
7
353
37
21
27
0
45
686
23
35
5
26
19
3
73
25
7
107
232
16
23
89
17
22
2538
1
1
18
112
30
647
1
172
4
12
3
8
5
6
1
4
46
1
10
0
9
33
0
20
373
3
105
30
35
68
59
3
159
57
2
28
21
5
60
4
66
3
4
10
138
0
38
16
0
1
15
5
0
14
56
55
7
7
27
218
3
235
0
6
7
5
38
0
5
47
0
0
0
77
10
15
22
545
4
2
152
76
85
1
139
0
125
18
21
4
3
3
11
7
13
51
6
1
0
2
564
7
0
0
230
80
5
408
582
1
131
17
1
143
3
14
2
82
11
97
330
39
70
21
2
3
83
2
2
8
16
9
1
0
28
0
4
1
69
0
6
16
267
3
122
40
53
20
40
91
2
3
28
1
0
407
97
9
2
12
32
14
158
1
175
8
1
3
14
3
43
23
0
20
3
3
5
13
309
1
9
9
42
3538
1
3
2
50
4
7
79
6
3
55
23
243
8
29
149
100
195
1
13
26
24
1
155
115
2
36
295
75
130
47
399
2
20
351
13
20
5
3
47
9
6
130
104
1
2
6
1
9
3
175
4
6
83
63
1
11
5
0
0
1
52
0
646
9
0
279
33
249
27
30
132
1
86
118
12
1
21
4
48
36
49
53
16
32
25
526
58
7
19438
82
58
82
17
22
5
5
24
15
33
23
7
0
45
0
670
1
9
4
230
62
291
4
7
46
174
804
10
57
4
1
44
2
29
460
440
77
1
381
67
56
6
279
6
212
0
69
31
18
26
27
0
7
55
244
687
7
1
5
112
500
42
0
24
31
24
0
15
6
5
14
16
18
5
4
1
107
13
88
36
208
21
5
7
4
1
0
189
3
1
5
7
56
9
0
132
969
200
34
107
48
2
0
811
8
6
27
178
3
6
60
7
8
92
1
113
3
0
77
0
3
12
31
2
64
13
99
1
133
128
12
1
1
715
4
26
23
663
2
51
26
10
226
4
980
5
5
61
0
5
18
19
14
0
7
71
0
38
0
32
208
70
5
234
1
1236
87
125
6
50
22
23
49
15
2
7
38
1
15
13
32
1
106
1
43
2
31
5
1
8
55
1
10
10
90
609
0
345
3
44
18
17
231
1
417
65
48
0
50
93
56
0
27
0
18
18
5
10
1
10
1
5
685
77
563
2
51
12
1
121
254
28
5
226
11
12
25
58
52
126
11
4
76
2
0
1
20
54
372
9
6
2
1
1
32
483
7
8
88
8
0
35
239
30
7
1
0
2
7
12
3
14
365
1
15
31
5
109
8
33
2
16
0
17
6
4
80
0
30
20
6
1118
62
14
1
1
12
130
70
7
37
19
242
28
156
17
30
20
3411
3
7
6
25
5
159
178
16
219
38
40
6
28
465
81
23
11
16
6
281
4
2
16
20
4
51
98
6
12
805
969
38
23
15
4
115
6
2645
40
2
22
1
14
11699
6
25
514
233
7
5
17
61
15
2
58
259
9
0
189
0
209
12
382
91
0
95
7
1
10
7
13
26
2
22
2
11
8
59
11
91
27
10
1
7
25
4
1
2
22
6
479
261
6
9
3
69
17
11
16
7
1
3
6
15
134
0
25
32
2925
16
0
1
1
138
3
9
4
8
44
393
75
49
59
3
61
2
12
4
1
299
0
6
0
26
24
1
2
0
5
10
67
83
2
16
4
18
1
228
18
90
11
27
10
22
0
5
46
152
22
1
59
8
37
21
34
129
21
72
167
52
20
9
3
97
0
39
0
30
1
9
10
51
4
2
33
201
60
21
1
0
379
18
533
10
1
7
2
6
13
14
2
5
15
7
83
1
4
1
12
0
16
51
22
52
177
17
35
196
128
6
2
3
20
66
1
75
2
14
98
138
72
112
11
9
10
547
221
342
1
14
32
80
6
16
12
35
7
265
400
24
11
13
51
4
625
6
44
0
0
21
25
128
30
0
8
55
19
6
1
6
10
40
9
11
391
18
456
46
7
152
0
2
3
29
7
80
54
2
30
86
12
46
18
342
3
2
0
10
65
6
126
57
62
0
12
7
7
30
8
2
41
467
14
11
1
73
53
146
132
5
4
681
18
22
249
127
19
39
13
2
37
9
0
9
4
1
1
210
2
22
17
2
45
15
1108
241
91
2
17
1
49
0
11
34
794
0
5
0
9
47
206
2
107
116
32
4
5
7
21
40
9
5
32
82
21
13
1
5
141
320
16
8
1
63
13
104
2
15
96
259
71
8
12
3
293
36
9
275
15
2
10
39
2
47
36
14
8
438
33
68
4
9
16
261
37
50
17
178
5
10
1
62
158
138
11
2
128
18
3
96
3
50
81
16
2
0
39
598
29
11
147
3
32
58
16
10
13
4
27
0
3
13
3
11
191
8
1
122
107
5
230
2
1
35
3
0
31
1
3
5
4
7
2
7
92
1
54
1
28
8
199
11
50
51
132
0
50
16
66
138
1
4
14
44
39
1
45
10
8
5
0
0
3
16
485
3
12
233
7
12
20
6
116
50
6
4
52
0
45
7
18
12
2133
4895
23
5
2
200
5
2149
18
5
15
0
2
14
83
5
137
738
76
39
9
15
2
4
351
75
81
34
35
113
7
8
5
7
0
22
20
1205
218
29
17
29
123
40
14
12
4
36
114
11
16
509
36
64
34
2
21
2
1
8
156
3
7
263
7
37
199
1
2
15
9
0
18
304
3
22
6
40
95
77
1
29
22
9
0
14
3
0
0
0
7
47
7
15
0
6
4
3
41
2
85
5
840
24
6
13
12
1
215
3
9
0
25
75
1
240
10
12
5
1
5
499
10
0
41
0
948
25
7
72
1
74
197
6
234
4
17
6
2
58
1
8
6
2
41
54
0
8
6
102
57
57
0
125
213
5
2430
5
228
28
2
34
0
32
7
0
399
32
0
2
136
3
5
17
68
40
66
1
3
11
30
74
173
15
84
89
100
8
1
0
11
0
298
53
23
3
31
2
8
282
4
34
404
15
2
274
1
6
6
66
120
6
290
4
48
22
77
20
7
1
0
2
5
78
40
1
4
75
121
37
2
11
120
93
19
15
0
2
0
1036
28
0
6
12
3
1
5
132
0
4
76
6
1
502
1
1
1
1
4
1
75
1
68
2
0
314
566
2
225
304
43
0
91
35
69
0
38
0
2
62
39
1
1
86
122
0
133
218
41
14
2
37
53
33
91
7636
4
38
14
0
5
48
34
3
49
3
13
116
119
47
10
4
2
201
4
47
30
86
9
17
29
407
34
14
0
94
17
52
8
80
9
4
71
38
25
274
48
1
1
45
0
25
71
8
3
24
82
1608
9
54
2
24
351
12
13
0
22
0
15
2
0
7
7
3
0
51
38
30
425
133
111
3
27
0
3
0
42
0
33
68
37
2
18
2
1
25
10
8
4
2
27
0
805
5
11
14
10
6
14
8
535
43
18
82
0
33
136
1
2
221
110
6
125
3
8
9
849
203
21
40
73
1
1
2
35
578
0
8
6
0
3077
247
1
8
9
80
30
5
0
1
0
13
617
119
5
1
42
5
152
5
0
0
21
24
1
7
88
65
8
211
2
30
0
24
40
14
3
54
3
42
52
12
10
295
2
3
107
6
38
3
22
52
153
717
0
20
28
82
4
45
36
10
17
17
11
57
12
2823
5
1
0
53
39
15
1
7
55
32
159
31
7
632
3
16
0
12
55
3
0
0
12
38
234
39
1
217
28
260
14
33
8
7
17
7
151
39
18
19
9
382
37
7
11
6
21
18
4
134
12
17
22
14
33
29
70
7
10
79
130
9
7
148
61
19
173
20
13
130
1
1
2
13
28
18
15
33
204
5
7
8
9
21
29
344
198
8
1
1
11
544
38
3
14
2
42
43
9
94
9
24
16
1
1
18
2
1
19
17
33
7
2
0
28
2
2
3
6
159
11
8
8
0
74
14
9
15
10
55
23
1717
0
36
1
0
10
3
3
12
0
32
2
23
0
115
30
0
7
5
112
7
648
42
41
12
13
72
1
61
10
15
78
115
70
5
50
44
141
4
15
26
9
9
72
1
0
0
22
7
628
19
1
1335
30
191
2
11
86
124
6
2
3
41
1
39
6
1
25
0
1
19
136
60
6
1
57
15
77
60
0
25
229
30
10
333
69
3
2332
1
12
21
189
124
3
0
23
2
2
158
13
176
7
2
15
77
21
5
500
28
52
1036
0
18
208
4
0
0
21
15
28
32
59
0
7
1
13
15
1
18
1
106
5
129
4
10
2
6
7
2
25
112
4
11
25
34
2
5
22
64
0
0
4
0
15
24
18
8
1
38
12
10
3
8
19
39
0
5
42
2
1
9
86
0
0
1
138
253
0
8
0
12
2
5
52
393
6
16
6
5
27
1
0
11
2
8
4
273
17
11
7
29
47
4
126
13
28
2
32
9
14
78
151
1539
6
37
29
187
14
255
34
767
19
14
25
31
14
34
3
32
6
0
16
5
1
5
2
1
3344
4
8
27
1
3
2
6
1
198
16
24
1
5
17
3
75
7
0
0
0
2
29
110
16
144
54
9
1518
8
31
0
76
30305
18
5
2
43
156
77
6
84
1
0
15
81
133
0
13
0
4
73
55
3
168
10
11
1294
142
54
15
0
57
2
144
16
8
1
2
36
27
7
23
17
38
118
29
3
102
312
22
50
109
60
9
16
4
1
1
3
15
326
1
3
5
414
29
51
2
20
23
4
226
114
29
2
0
3
1550
5
51
3
398
20
5
2
9
155
3
14
13
1
11
136
11
33
10
87
19
15
4
6
5
3
20
96
2
4
210
223
100
4
21
121
15
4
0
72
53
11
38
562
231
1
9
3
1
5
14
39
7
7
142
162
1
7
4
28
3
23
9
1
0
9
113
4
5
1
4
6
43
86
61
1
9
45
159
930
249
14
143
128
323
15
2
3
49
8
29
5
8
103
2
1
5
1
37
23
0
51
3
0
74
76
4
0
830
12
402
73
60
442
23
3
11
733
1
185
15
80
4
444
7
11
4
62
6
31
8
16
8
107
1
1
63
80
0
1
23
61
123
8
0
57
0
4
103
11
13
141
1
17
17
6
27
357
27
185
1447
0
45
134
0
14
9
2
15
6
142
17
70
3
8
28
4
0
36
1
52
178
56
1158
167
71
8
10
67
49
2
81
99
275
54
233
2
1
109
2
40
125
59
701
25
194
14
67
270
111
8
92
0
0
28
45
83
185
4
8
39
3
8
145
99
4
166
43
1
48
3
20
17
38
88
12
4
165
0
280
6
9
43
21
6
6
711
10
139
13
2
2
33
23
1
281
28
87
1
0
7
9
17
1
198
46
4
439
27
10
0
2
0
73
19
74
271
334
5
0
3
3
27
143
657
3
2
186
3
0
176
22
63
12
109
0
3
2
3
3
17
43
12
84
70
23
1
5
599
15
26
4
34
590
228
3
9
360
18
36
306
1
39
5
12
1
34
44
1382
124
2
269
3
0
1
1
8
0
226
6
1
4
1
34
107
67
14
9
36
35
10
8
220
17
1
3
6
0
82
4
48
2
19
22
157
1
45
73
4
15
0
29
4
3
7
37
54
1
129
12
91
3
216
16
1
15
46
29
3
15
561
89
16
1
1
2
63
1
19
18
406
123
197
80
13
1203
48
0
15
4
182
24
10
6
1
808
4
52
195
10
1028
72
111
21
71
39
510
27
3
15
33
45
2
14
8
53
8
20
3
26
9
145
1
144
5
0
26
19
7
36
0
11
2
2
11
0
7
10
13
1
15
10
71
21
20
22
6
4
1724
0
6
11
79
159
202
37
20
13
14
3
0
9
5
16
120
1
414
6
6
88
3
31
8
5
61
105
31
15
9
12
9
13467
16
0
24
3
25
43
32
45
260
30
0
0
61
1070
3
410
10
0
2
2
0
4
22
824
22
19
25
200
1
24
6
82
13
121
1
0
60
4
192
206
59
187
5
0
0
63
4
4
2
37
29
5
7
60
0
0
95
71
41
184
2
40
1416
55
34
11
2
186
2
69
31
28
1
76
1
20
1
0
225
81
9
209
38
0
562
172
1
0
9
3
253
4
23
69
168
1
0
11
3
45
2
6
24
21
9
1
98
42
125
21
101
6
32
3
103
6
31
127
448
7
0
1
1
607
9
4
1
5
64
310
212
334
9
55
33
10
0
32
3
2
13
6
45
10
0
63
2
3
1
24
6
0
3
3
41
7
6
401
11
2
16
55
5
120
29
2
40
141
143
1
144
9
36
38
1
0
576
5
250
58
85
410
12
56
1
11
5
1
5
31
625
10
58
4
6
192
4
75
129
0
77
6
26
6
0
17
0
2
3
48
130
0
26
13
25
0
0
89
0
14
898
4
29
125
28
0
14
27
10
8
58
4
19
2
14
2
3
0
264
27
1
6
41
6
122
114
0
1
63
25
11
167
177
38
11
3
0
3
235
2
5
70
60
8
0
19
4
2
75
35
37
5
0
2
11
29
4
71
9
9
5
115
38
4
7
22
7
118
10
4
113
10
28
3
54
1255
0
2
2
6
3
357
5
36
36
17
268
3
261
204
1
62
14
0
8
33
660
3
0
59
7
5
33
62
81
54
1
57
16
102
36
0
6
1584
8
768
21
0
21
12
0
0
16
4
27
2
1
154
94
19
3
105
366
0
6
133
1
1
7
12
109
19
40
48
13
2326
89
50
63
2
31
6
32
299
8
54
3
580
22
9
21
1
272
25
23
0
16
4
23
2
7
4
27
18
142
10
733
5
9
9
0
54
1
18
6
1
1
38
29
79
50
19
4
64
1
55
4
22
0
0
12
0
11
0
23
9
5
27
31
223
383
132
46
47
11
32
94
0
675
37
0
3
0
11
1
114
2
124
0
7
69
28
42
85
2
56
117
67
3
13
2
119
48
0
565
51
11
866
18
0
7
0
78
9
74
3
6
2
5
2
3
6
15
504
199
79
0
1
21
3
26
0
58
25
0
0
45
24
5
310
10
117
6
2
6
104
57
80
2
53
136
8
4
4
3
56
2
0
44
23
2
0
36
0
2541
57
16
0
33
5
2
15
2
13
15
240
26
5
5
1
6
0
1304
19
2
15
17
0
3
113
2
1925
244
17
24
1
199
21
12
112
7
33
466
20
17
73
76
10
107
0
965
6
38
4
8
1
4
3
28
3
2172
7
0
2
12
17
8
10
117
2039
38
8
8
20
26
171
14
47
62
39
0
250
5
7
2
3
20
1
72
5151
1
1
1
8
211
16
39
830
8
707
11
0
398
0
3
3
5
15
471
11
29
54
0
77
50
6
47
1
25
2
2
3
8
1
38
18
16
12
21
25
137
117
9
0
8
8
66
0
0
7
3
301
48
19
26
53
3
7
7
18
2597
47
100
0
14
494
68
1
7
0
325
11
0
65
189
59
51
4
17
18
548
10
22
98
181
3
0
410
16
107
541
2
16
27
42
3076
67
14
4
3
114
72
15
0
312
4
0
0
252
1
189
4
25
11
43
1
2
136
150
6
3
104
2
1
98
562
11
80
36
2
199
7
2
77
41
4
14
245
4
291
9
4
183
41
315
231
55
163
1
0
27
475
86
37
11
3
55
18
125
0
14
2
3
25
272
23
227
1236
64
41
201
338
137
4
28
14
1
1
7
2
24
3
18
24
5
213
107
7
8
216
4
41
14
92
7
1
17
7
13
19
3
3
25
0
22
17
11
35
682
0
22
10
19
18
2
1
5
26
7
1
8
154
79
29
3
5
70
0
8
6
3
10
0
215
84
238
126
0
0
4
2
49
1887
200
16
0
1
3
9
4
0
14
18
17
2
581
2
16
11
28
12
11
7
29
62
3
127
2
17
3
1
3
32
63
0
0
7
16
1
1005
1401
185
9
3
14
27
181
4
2
4
2
31
114
34
4
42
16
0
0
17
8
85
8
24
3
4
3
98
1
2
55
1109
1
23
251
1
56
3
9
50
7
15
10
1
243
16
306
6
19
117
14
499
67
0
5
19
6
7
136
1
4
32
216
3
71
52
3
18
153
1
28
120
37
454
1
14
0
40
4
0
115
458
35
0
91
9
401
6
0
108
12
6
20
1
5
516
62
0
9
19
4
0
7
272
3
0
12
93
0
8
84
45
1
4
123
69
0
10
35
6
91
31
1
1
3
66
34
22
331
4
40
1
1680
1
16
23
3864
0
55
7
0
0
0
181
1
288
49
21
7
46
4
5
10
0
5
29
12
0
0
0
82
52
495
0
1
1
30
45
1
11
277
75
1
247
1
4
79
2
0
34
624
100
38
233
6
57
0
5759
33
1
123
2
1
60
639
71
71
46
33
210
2
12
30
3
0
15
16
764
2
116
0
190
0
355
3
142
27
8
5
6
11
11
265
1
3
144
1
58
49
3
42
1
9
11
3
19
39
0
6
80
6
70
139
27
19
4
2
1
100
2
19
2
110
0
149
51
24
11
1
192
8
6
61
0
0
52
10
17
1
24
103
0
476
54
0
5
16
27
1
205
5
1
11
33
25
8
2
3
19
37
267
14
40
19
118
29
6
49
0
5
5
148
5
30
121
4
11
142
112
7
22
8
0
22
62
4
1
667
23
800
0
40
123
3
3
7
5
2
77
1038
0
3
1
1
637
0
0
4
1684
72
37
47
1
21
14
13
10
5
4
22
183
144
4
153
3143
93
2
2
3
2
98
83
8
3
99
25
453
4
73
11
20
4
2
24
17
21
2
16
1537
3
104
30
7
9
56
114
1
96
74
16
32
20
1
53
130
0
52
185
16
7
7
4
318
27
58
25
37
0
2
1
117
4
6
34
7
0
961
6
27
16
16
491
1291
77
8
7
51
4
11
4
1
0
780
152
586
20
15
40
0
98
457
1
7
5
65
5
31
132
20
76
2
7
18
10
0
34
62
81
34
189
12
6
8
109
22
23
898
37
2
51
0
466
132
19
46
28
2
10
17
246
1
49
7
15
13
8
8
9
6
92
101
75
23
1
3
63
19
27
4480
34
0
77
157
16
0
636
26
10
11
16
1
6
36
8
114
14
2
1
35
19
3
36
1
136
32
26
7
70
22
406
13
412
37
4
3
5
1
8
12
2
24
4
197
19
8
1
0
3
129
5
14
170
30
17
19
31
13
24
112
0
249
199
14
130
16
547
29
13
5
107
20
8
0
1
39
40
35
5
27
21
3
7
9
107
335
14
0
257
944
30
135
29
8
2
6
41
811
52
14
82
5
32
13
16
17
20
13
9
0
0
77
133
13
6
28
284
2
30
39
180
350
62
12
16
14
4
40
84
31
7
2
6
0
83
0
76
1
0
22
76
4
2
11
0
6
114
63
45
0
56
1
0
43
11
173
4
2
14
7
10
9
68
25
16
1
571
0
20
0
6
12
3
21
2
127
8
21
74
1
2
6
88
38
10
12
18
3
28
22
74
0
16
70
22
18
1
0
59
76
64
6
6
0
2
6
2
7
612
23
0
22
75
196
16
7
5
0
7
0
3
25
146
16
749
10
33
79
59
205
36
0
8
1277
12
43
4
2
5189
857
4331
12
12
20
44
212
28
4
494
23
4
126
6
10
72
4
16
11
0
16
7
1267
264
21
280
13
2
162
0
1
2
8
2046
27
544
129
203
0
4
523
12
5
123
2
5
171
66
32
64
1
1
25
26
20
1
19
0
16
88
3
40
12
15
1
164
2
6
4
97
232
3
3
26
0
8
0
4
5
96
1
77
7
30
316
0
812
7
217
0
1
92
2
1
4
0
39
5
912
72
31
770
57
1748
19
369
73
49
49
1
278
11
39
1
28
478
6
0
30
3
17
10
366
49
201
6
4
77
14
394
15
3
50
65
43
17
2
22
70
1281
3
118
51
41
117
152
3
58
8
66
6
3
63
2
35
7
61
15
13
4
0
25
148
4
108
6
570
1
4
26
1
168
1
13
17
40
0
272
26
1
10
2
14
7
7
83
10
16
374
36
1
94
25
6
4
216
3
0
27
6
21
0
54
48
513
15
8
103
1
2
20
2
39
123
8
12
2
18
0
14
26
7
3
14
229
21
87
1
0
119
155
9
4
1
10
15
22
111
40
6
113
15
173
28
5
1
0
9
571
119
41
51
23
5
18
25
0
135
10
7
1
22
16
20
69
1
11
7
520
37
219
41
112
1
2
902
2
3
2
9
392
2
17
35
129
301
0
1
167
9
38
217
6
405
12
0
146
27
6
20
87
5
1
2
37
9
0
5
9
23
1
7
40
305
27
95
74
39
231
32
154
17
8
10
697
8
49
29
4
8
2
23
19
12
17
31
0
49
30
19
27
885
8
992
0
69
9
24
64
2
31
4
907
49
0
83
0
166
15
0
25
30
8
10
14
49
9
1663
1
339
118
2
0
88
391
4
0
1171
37
5
2
9
289
36
73
45
15
61
65
24
13
3
2
18
0
2
23
21
7
0
80
2
80
4
41
49
7
187
16
52
534
0
214
394
10
5
2
36
12
9
3
1
6
19
27
1
7
45
26
166
16
155
20
18
702
459
141
25
3
364
27
24
12
28
11
0
3
304
49
0
6
32
16
140
28
31
32
56
415
26
1
1
0
7
0
4
35
27
46
2
3882
103
10
114
0
0
39
9
0
7
3
1
11
0
2
2
105
14
70
11
3
15
229
826
1
5
3
54
0
0
89
6
199
32
73
70
162
46
1
0
5
9
3
5
18
20
102
60
16
1
1237
356
8
38
10
2
17
23
57
0
4
0
26
60
252
89
30
7
14
215
1474
13
12
1
2
18
0
1
124
1
118
47
4
3638
10
140
6
15
3
23
24
15
58
5
863
4581
3
3
44
45
316
5
19
46
1
18
23
12
3
6
764
6
608
52
102
14
5
32
4
4
42
33
13
3
0
31
0
16
0
0
130
18
1
330
22
1868
15
5
1060
840
123
16
340
87
1
4
446
5
3091
171
35
12
15
12
50
53
6
28
54
6
110
31
30
35
26
10
11
13
72
1
511
3
9
0
16
2
20
35
529
5
9
109
1
19
10
2
48
2
48
140
3
0
8
7
65
1
19
1
3
0
0
36
11
29
9
31
101
6
305
20
38
10
57
23
5
5
5
6
10
7
34
13
101
9
0
32
1
153
105
2
46
4
10
11
13
47
7
713
448
1
130
35
1
1
35
0
77
97
2
2
47
7
2
4
15
15
7
97
0
20
25
32
28
16
385
29
0
3
3
9
0
750
1
0
5
10
20
54
0
50
80
108
2
103
28
23
143
4
0
4
17
103
3
0
12
20
47
2
82
16
22
23
47
43
28
1099
64
159
0
9
34
111
4
1153
560
9
18
3
28
107
3
57
1
59
101
0
8
52
301
5
17
38
6
3
4
11
52
1
105
1
8
24
4
54
30
1
11
7
7
14
3
5
50
9
1
0
61
75
65
27
0
72
16
1
21
2
10
6
1
30
139
43
0
85
2
15
596
9
0
23
12
26
6
119
7
66
0
592
206
27
102
0
23
20
15
38
33
3
23
16
1
32
13
15
21
151
0
2837
30
285
68
5
125
8
47
12
1
3
61
42
29
3
9
0
44
29
3
1
4
185
199
47
267
112
16
9
17
2
41
37
0
4
55
55
79
1
15
1
0
2
28
13
80
25
647
2
0
13
604
6
70
0
0
5
18
3
2
13
12
5
21
4
75
0
102
38
98
52
36
0
75
22
18
1
14
34
37
0
101
20
43
53
1
59
327
2
78
218
53
11
84
8
6
27
4
2
43
7
4
40
67
31
72
38
123
14
2201
0
12
3
12
0
36
12
72
2
24
15
6
59
5
3
33
12
152
0
0
38
3
657
491
43
99
4
30
62
34
6
32
666
86
1
4
8
5
405
3
28
31
2
434
9
24
8
0
5
2
61
2
105
1
32
133
0
44
51
7
6
46
61
28
11
55
26
28
3
7
28
55
5
2
0
11
1
2
2
2
6
13
4
15
266
13
16
130
8
660
5
763
43
40
6
14
34
33
172
20
11
15
9
38
1
1588
23
15
3
97
21
4
9
7
13
90
65
0
39
23
184
44
8
3
0
1
18
182
67
127
0
29
28
301
3
1
51
12
1
36
11
11
5
463
0
17
1
3
3
52
190
202
389
32
47
65
28
31
257
52
53
1
70
52
55
5
84
34
205
5
25
20
755
115
14
32
27
14
28
205
81
86
33
117
88
41
41
4
144
3
130
26
155
8
21
23
5
47
13
6
1
2
7
27
18
5
18
52
86
9
18
11
16
21
1
4
2
9
5
11
2
3
24
0
98
18
8
5
1
0
52
8
3
200
3
80
6
162
10
47
2
17
6
47
1
0
301
3
111
12
859
75
12
16
21
129
7
4
6
4
467
6
12
16
7
17
21
0
9
10
34
12
19
42
325
33
2211
22
0
43
5
68
16
165
108
7
145
15
164
8
18
3
52
5
10
57
6
1
3
126
13
10
9
62
117
45
331
77
12
3
1
10
2
40
116
2
4
1
4523
428
2
52
13
47
71
17
146
0
1
12
58
11
31
10
14
39
17
56
0
7
662
83
19
156
5
6
12
47
7
513
49
82
2
33
4
8
96
0
25
4
573
863
453
1
2
204
13
137
8
19
22
15
40
66
0
1
49
5
28
22
54
1
2
0
14
20
9
48
30
15
26
2
5
345
0
790
246
12
6
145
8
2321
158
5
0
2
2
35
8
8
4
49
8
3
0
43
17
1
91
13
3
180
220
2
14
1
1
1
9
15
0
1670
4
0
11
1152
26
0
4
0
36
204
15
6
1
0
664
156
8
4
70
58
16
1
6
1
147
6
74
93
34
87
24
10
2
66
40
1341
23
26
1413
0
38
11
8
17
30
24
325
41
0
8
0
3
10
55
265
0
13
1217
966
5
0
7
3
1595
7
14
1
2
361
18
0
2
73
8
13
3396
2
1
35
16
15
0
67
3
791
67
11
19
9
8
19
7
49
3
0
5
85
55
135
4
4
19
1
6
35
15
10
1
7
25
1
0
226
16
30
77
11
5
5
343
7
17
0
0
1
495
170
8
66
9
1
2
11
9
30
102
2349
0
