1
6
4
26
53
114
130
18
99
534
791
1
11
0
61
94
133
0
3
18
1052
11
12
865
17
51
13
128
7
132
78
2
1
14
2722
541
1354
9
74
233
2
12
22
752
57
3
0
52
100
1
40
24
49
19
331
10
296
28
12
1
19
3
35
13
3
19
6
17
281
119
20
13
0
42
35
17
67
143
13
76
4
21
3
44
56
17
9
211
12
24
0
62
23
35
4
111
90
35
0
2
33
56
1071
137
57
49
14
97
4
13
1
23
1
15
153
6
32
0
0
97
0
134
1
150
23
28
5
285
209
83
1
10
76
315
118
1
141
29
0
7
1
22
26
3
32
54
31
31
256
1048
11
6
13
33
0
10
18
0
1
31
6
8
48
715
136
15
6
352
81
53
10
25
157
24
55
0
18
13
2
4
358
74
68
4
24
174
8
17
27
65
102
417
6
5
24
29
31
14
15
17
34
13
0
127
5
1
0
4
17
16
6
31
1
8
650
19
31
198
5
400
0
63
2
5
7
3
29
63
12
11
5
9
0
17
1
1069
11
1612
1304
85
0
17
4
9
143
2
461
16
72
3
20
1
1
50
1
2
14
2
77
24
4
13
4
12
262
1608
13
799
5
261
215
1
9
52
19
27
13
5
212
0
5
156
37
1
1
14
11
7
34
37
129
141
619
51
2
0
230
22
19
143
32
28
9
25
44
3824
27
4
151
80
18
10
6
193
0
761
23
6
106
0
396
5
11
32
36
9
41
59
26
9
5
16
1
112
15
542
29
32
13
5
39
313
174
132
499
32
78
5
663
24
21
97
16
4
11
39
2
6
2
34
69
14
8
12
346
32
10
15
244
1
86
47
44
10
94
28
3
101
18
8
260
1
38
12
4382
660
17
611
29
18
5
9
288
389
9
5
2
10
51
8
1
12
8
6
0
15
168
69
11
18
2
72
319
3
5
54
34
41
52
11
193
518
2
3
50
15
5
36
471
85
16
1
87
2
153
13
654
772
9
23
168
53
16
7
229
219
151
18
8
11
339
20
1
23
20
753
58
9
32
13
93
29
92
2
11
6
32
1
1
8
6
4
2
9
61
1
3
0
0
0
106
2
0
2
9
1040
70
32
7
9
141
8
8
119
0
90
67
153
16
397
140
8
11
141
1
142
13
173
1
1
194
4
199
34
125
0
10
68
20
0
128
22
473
80
18
5
446
5
0
76
45
1
2
2
10
25
140
1
1
158
16
1
10
220
4
284
141
41
45
10
50
8
29
9
10
16369
456
20
103
4
308
2
9
0
49
0
32
190
32
25
5
98
0
30
61
1
9
1
25
3
42
3
8
24
6
11
16
3
3
202
46
91
0
9
20
7
54
33
103
4
1
8
4
101
16
11
0
52
2
0
9
2
140
152
2
34
109
112
1
1
11
4
366
58
1
3
205
20
4
0
295
9
244
38
2
10
213
31
2159
29
4
7
2255
2
17
42
56
26
263
34
2
3
42
2
18
19
5
28
1
14
1
58
28
19
1
26
122
0
6
8
2
3
17
6
29
3
145
400
2354
59
7
8
49
31
1
0
91
398
2
152
13
8
6
2
10
2
2
102
46
1340
20
44
4
1
1403
17
31
49
4
3
289
899
10
55
8
186
28
986
1009
11
0
10
152
13
0
11
41
6
6
2
81
1
5
5
19
1
0
545
4
5
10
70
0
130
75
3
9
177
5
27
19
925
643
104
4
17
22
13
85
481
10
81
189
3
1525
273
2
4
14
4
35
1
1
7
61
15
291
356
2
19
47
2
0
2
1041
62
1
2
11
11
10
130
41
99
0
0
17
45
1
194
37
2
0
1
109
30
6
10
537
126
84
3
14
31
83
17
4
951
14
3
7
6
6851
0
112
19
8
11
1531
51
210
6
865
8
9
1
9
17
13
2
3
15
1053
1
7
31
16
9
91
21
20
22
37
120
2
170
4
9
82
13
235
299
2
19
20
28
2904
0
547
7
6
156
13
393
20
0
1
405
74
35
18
667
11
1
2948
32
18
16
9
5
1
209
21
11
72
100
77
4
268
32
4
38
70
1
5
2
26
3
28
154
20
4
22
0
59
1
1
21
85
17
2849
23
98
19
2
13
7
1
262
5
20
3
3
1
249
5
8
10
1
1
26
120
21
38
33
24
0
1457
7
324
35
64
8
3145
2
1
46
10
83
4
30
3
23
93
10
12
72
27
2
5
1
25
33
11
4
130
3
2
10
79
35
12
13
99
74
3
2
17
27
1
1
26
45
24
3
379
4
12
36
17
365
64
16
3959
206
1
44
89
2664
146
2
4
11
1
16
42
47
26
9
0
44
267
37
97
1
49
1
9
12
9
0
7
18
4
21
11
14
10
58
39
52
215
23
54
17
0
7
5
6
1
6
75
195
5
420
4
36
242
5
5
26
110
21
6
27
128
67
12
31
39
0
1
7
9
184
1
8
100
42
6
8
70
69
604
165
225
6
27
2
325
0
92
5
653
1
52
9
3
578
10
0
120
32
9
19
10
46
0
15
10
732
28
2
63
33
12
315
2
119
2328
23
10
3
30
10
62
26
57
450
702
169
2
12
1
4
127
151
13
11
202
74
107
6
5
85
147
8
85
4
33
40
136
5
183
536
26
1
21
20
10
37
0
50
355
0
9
4
27
24
3983
10
62
5
269
18
6
662
15
30
3
3
120
29
2
319
1400
45
125
25
1
8
34
49
0
8
2187
49
2
4
4744
0
7
2
106
8
3
26
259
27
127
5
22
159
22
52
3
8
9
0
22
4
90
5
7
13
24
6
8
27
432
25
6
37
5
3
5
34
4
133
34
6
174
1717
951
10
53
2
3
56
9
11
859
113
1
45
1
26
181
113
358
48
28
0
0
28
26
71
24
268
5
3
2
1
5
8388
18
2
595
1
20
2
43
26
17
581
11
15
56
391
51
20
3
38
1
5
352
29
138
4
18
27
17
28
18
972
1
2
2
3
5
10
128
205
32
164
18
9
3
35
1
124
29
9
23
128
62
19
49
8
0
139
11
630
2976
15
67
4
7
42
1
2
67
31
0
236
13
16
0
31
8
121
28
259
17
9
9
8
1870
54
82
23
26
56
1
20
60
0
15
0
20
128
157
15
1
14
119
32
66
448
53
53
2
10
80
189
3
23
304
84
13
2
5
3
21
14
102
158
113
28
2
50
25
38
24
5
33
2
5
147
0
78
84
14
13
12
75
38
16
17
0
4
5
3
5
148
17
4
1
378
30
2
17
126
1
6
7
36
124
8
17
55
96
25
7
50
7
5
10
114
1
55
43
78
24
26
24
2
38
6
14
0
188
19
114
5
19
135
5
57
5
20
10
79
4
5
38
220
2
45
10
1
2941
9
24
3
56
95
44
13
28
6
317
2
74
23
0
182
31
34
2
95
5
9
31
28
0
45
16
15
16
46
26
150
78
3
12
0
7
4
63
742
40
137
479
22
8
70
2
199
15
17
24
34
33
59
50
9
1
18
1
1
24
1104
0
22
8
24
5
3
150
102
21
0
9
134
12
2337
13
36
2
20
15
1157
66
0
116
11
9
14
26
219
6
54
18
1400
17
1
4
1
11
2
39
3
37
57
221
2
14
103
19
19
51
13
6
34
15
3
120
144
4
31
10
4
2
103
981
20
3
2
12
3
2
45
5
5
87
12
300
5
6
6
23
16
8
2
855
25
666
7
9
4
218
8
83
10
0
8
16
81
4
17
371
33
23
2
218
778
15
2
202
1321
32
4
9
10
7
3
5
2
5
299
125
645
3
2
3399
21
19
9
44
161
11
9
67
161
16
887
127
70
0
17
12
2
4
13
13
220
91
27
94
3
35
21
45
21
5
15
1837
8
11
1632
0
9
2
12
1
15
492
29
22
6
12
61
131
13
535
44
33
2
34
29
50
10
50
171
187
358
0
54
6
35
9
7
23
26
40
453
9
20
249
47
1
20
2
57
7
2
9
9
34
326
520
27
692
39
12
34
3
3
18
2
9
8
76
9
58
12
0
0
7
296
18
64
1080
9
8
68
17
58
55
29
64
68
12
25
10
0
181
180
220
57
7
29
45
73
156
580
18
88
1
12
11
354
25
10
14
2
102
1
17
5
2385
14
29
76
527
63
80
0
7
2
14
85
62
7
4
66
9
5
50
89
30
21
32
372
1444
12
50
85
45
1
64
74
88
22
12
18
129
694
0
14
14
14
24
4
29
2
76
70
10
96
133
29
0
111
379
3770
68
175
20
31
16
4
25
4
22
45
159
275
170
46
49
5
89
25
10
64
24
0
69
41
5
45
5
2
13
9
258
347
510
216
44
26
7
27
226
34
16
348
13
51
17
9
0
2
4
1
11
59
23
11
21
176
167
12
8
1
1
1
10
30
13
82
1044
4
4
1
2
42
136
16
6
78
96
313
3
809
4
7
106
27
9
15
3
17
1111
0
2
183
310
13
0
3
4
5
2
6
32
7
81
20
78
30
723
1
13
12
30
2
54
366
8
2
3
2
1
39
5
6
1
52
70
0
2
8
21
1
26
24
126
7
241
788
95
0
19
36
24
165
5
39
3
115
0
74
61
19
18
5
8
66
1398
71
3
21
1
90
31
44
2
479
275
87
207
9
23
1
54
24
334
8
3
373
27
1
1
51
14
15
1
1
3
0
25
35
66
164
35
8
171
153
53
27
4
16
17
1
4
11
0
54
14
9
0
43
28
234
8
87
10
71
38
14
21
8
2
1235
2
153
7
100
71
1087
59
87
1
3
1
1569
727
68
0
13
9
1
6
6
53
45
6
0
8
105
0
4
12
257
0
3
9
22
15
0
3
0
7
34
118
5
27
20
9
31
1
68
10
71
3
138
3
26
1
60
10
7
2
92
22
8
7
83
2
76
11
4
29
18
23
6
74
420
0
170
32
4
77
130
1
418
1
44
2
10
66
36
8
28
1
101
6
1500
0
11
10
11
77
22
6
22
183
527
2
96
25
50
8
26
12
10
168
106
93
72
10
74
11
6
2
34
43
20
5
1
3
158
20
21
0
7
17
68
7
14
0
2
34
0
10
3
0
16
19
3
384
61
8
4
19
0
75
16
39
14
9
14
0
3
5
30
13
1
8
3
11
37
14
8
69
62
1
3
31
48
90
18
1194
97
139
3
16
87
2
3
0
2
54
6
0
41
3090
9
979
84
1
292
36
10
24
17
3
33
1
4
8
10
3
224
0
7
1
38
587
17
12
10
102
2
29
262
22
2469
7
13
7
452
54
2
307
138
4
13
0
34
797
47
23
387
6307
51
10
4
28
97
1
147
8
31
3
2
0
1
33
3
2
46
1
1
11
6
314
31
223
32
51
71
102
403
168
1
8
2
4
2
2
25
35
21
37
18
14
26
139
3
2
16
94
23
8
34
36
336
1
143
2
0
0
6
62
4
8
109
70
38
1
181
10
7
5
38
16
3
87
0
42
73
1
256
372
66
460
26
2
13
24
0
26
18
6
8
20
42
6
100
38
14
404
0
6
212
2
12
102
5
30
15
432
8
8
60
633
47
60
13
80
14
99
31
53
8
6
2
8
10
256
16
177
14
242
73
9
55
3
0
11
5
2
1
4
5
17
87
0
563
6
8
50
118
29
20
100
659
2
13
15
51
152
2
122
6
42
1
36
40
7
30
103
4
91
221
293
24
183
0
641
135
499
1
70
89
12
16
12
8
172
0
0
1211
8
55
70
7
8
75
21
245
11
11
19
25
0
103
3
37
86
33
1561
51
2
3
36
1253
8
3
249
7
2
49
82
1
9
10
22
130
109
332
591
15
6
126
4
8
164
156
7
4
17
96
316
10
32
28
8
8
12
42
256
375
5
32
45
133
13
9
23
77
0
29
50
0
2
11
33
3
11
124
22
18
206
2
187
109
141
66
234
35
37
616
80
115
87
215
4
166
30
25
4
0
844
4
19
7
24
251
160
525
2
42
10
100
236
1
3
68
14
0
4
19
3
201
51
10
4
76
4
19
20
7
273
6
1280
131
3
0
26
1890
113
140
196
1
37
780
62
4
5
20
1128
9
14
50
1
20
6
4
354
254
22
14
111
1
3
8
4
8
2
8
3
124
35
12
2
81
211
81
5
62
44
0
2216
1
2
234
3
33
163
570
270
34
12
93
16
6
24
308
1400
18
0
21
38
14
43
31
14
66
13
121
9
3
62
2
50
202
6
55
43
2781
12
1270
92
29
22
20
138
10
188
820
172
17
10
71
240
314
80
1
459
2
36
1454
39
251
82
170
122
3
1
318
3
28
172
35
2
2
330
75
5
9
2647
2
17
0
32
43
110
10
3
1896
16
4
2
6
116
42
237
110
27
0
80
11
1
2
261
29
56
8
3
14
1
23
60
529
297
310
166
57
0
56
21
29
1
122
16
262
8
17
2
101
65
7
1
55
4
82
2
25
141
3
2
94
7
5
16
177
4
45
184
17
28
0
2
15
9
1
3
651
103
6
32
664
1092
217
112
642
8
927
97
0
2
3
1
336
14
5
73
26
23
19
4
107
1129
438
5
26
16
46
2
4
614
32
111
3
1
6
0
11
3
50
1
1
65
352
2018
4
28
16
7
77
1
66
4
12
45
8
44
7
0
3
11
21
78
672
1
3
45
1576
339
668
97
2
34
5
7
5
48
226
27
218
92
74
5
8
2
66
1
9
36
2
45
6
69
22
36
2
18
1288
144
16
602
24
2
2
466
6
7
32
22
162
1
25
92
1791
3
64
19
9
11
150
33
9
36
19
33
47
10
7
8
59
38
185
24
10
6
25
0
2
370
46
61
195
83
567
3
3
10
17
7
53
147
18
28
2
0
84
254
25
20
805
8
75
50
17
1
9
2
56
95
4
2
17
4
170
26
39
10
2
12
179
146
222
3
0
1
24
127
1554
271
35
16
60
32
5
32
1678
26
6
10
123
50
9
56
42
288
11
3
8
2
138
29
0
840
19
2
0
248
12
81
40
1334
80
104
54
29
1
359
7
45
10
99
57
6
93
3
3
128
21
0
8
7
155
306
20
2
104
225
5
0
20
36
20
22
6
740
3
380
81
105
10
138
37
20
4
364
18
68
21
2
43
19
19
0
749
1139
418
60
12
210
4
162
1706
92
40
0
248
15
3
39
62
19
9
3
303
16
6
0
355
19
1675
140
23
19
258
334
191
0
121
10
10
2
57
9
2200
25
1
35
289
3
62
26
335
2
6
0
6
13
30
0
160
15
115
41
52
23
64
3
7
14
23
7
1
2
425
94
1
171
57
34
27
28
45
14
61
94
4
10
33
2
42
33
6
62
70
1349
1
1
10
2
122
0
4
0
138
92
2
2
65
6
4
31
8
5
10
418
1
1
3
5
40
0
0
4
35
1744
19
91
477
37
18
9
221
2
50
12
63
21
5
126
46
4
41
23
19
1
88
0
15
6
36
503
123
46
4
1
2
23
3
220
14
38
125
131
1
3
21
10
6
102
80
2
30
18
32
0
50
52
12
53
10
91
14
27
4
132
75
15
165
406
47
35
17
154
38
52
55
30
47
28
163
26
98
5
1
43
38
143
8
22
32
6
873
23
2
49
0
12
2
42
6
11
11
118
10
6
3
119
11
56
63
262
63
125
38
113
340
1
760
6
6
3
111
18
1
17
6
4
694
8
3
1
5
3
32
1
46
2
587
14
103
0
36
1727
250
1959
3
228
0
341
17
1
22
153
13
3
53
1497
5
28
14
100
2
0
21
4
7
3
1
29
0
730
63
1
4
22
126
135
8
553
3
41
8
23
18
49
14
54
43
28
5
172
1785
11
23
673
19
47
3
259
51
6
2
3
154
12
51
3
109
14
108
65
68
3
5
63
21
4
53
15
1
6
2
14
104
102
136
172
193
47
3
230
0
60
109
12
15
22
45
494
552
4
70
347
7
18
86
30
86
53
107
51
43
7
4
472
8
228
6
24
12
25
43
10
2
243
5
91
2
25
12
212
114
127
12
4
134
1
33
8
205
44
201
320
16
2
1
266
7
9
19
9
15
5
44
190
286
16
104
25
8
21
21
17
58
59
37
64
3042
10
893
161
6
9
114
9
1
1384
8
22
376
7
124
5
0
1732
127
8
2
128
7
1
6
195
231
15
71
30
7
72
14
332
3
55
144
374
5
5
8
0
5
15
38
3
7
42
1
6
25
33
11
127
0
325
0
1026
21
1
1
14
12
0
77
5
1220
2
8
9
90
9
10
16
1
20
0
12
52
102
13
240
1
27
442
7
92
35
288
16
738
0
92
12
1
212
163
83
23
38
36
2
114
29
8
7
79
4
2
14
16
413
15
56
3
28
984
26
51
1
8
1
21
1
85
31
29
34
2
448
50
24
152
1
1
58
1091
50
10
2390
29
93
20
13
128
26
32
57
28
22
230
32
4
4
5
17
89
5
60
53
41
2
55
657
19
18
26
51
1
5
3
3
18
101
2
10
10
8
1
18
10
13
12522
9
158
19
14
3
0
26
10
23
24
4
39
6
0
14
29
106
197
8
17
212
2814
2
30
71
23
25
70
8
122
13
110
0
0
190
8
61
0
26
92
946
224
14
101
1395
2
3
1
0
1
8
6
9
7
5
9
240
516
15
0
261
3
28
337
33
10
33
286
114
204
20
588
53
11
20
261
0
90
5
3
54
5
2447
36
5
0
147
3
10
69
38
21
2
9
5
3
3
162
29
103
4
37
111
3
3
22
4
1
10
119
0
27
9
10
115
26
3
14
74
5
9
52
8
63
4
11
30
301
56
51
91
142
0
3
17
10
2
5
11
17
10
3
2
44
4
2
3
19
3558
41
87
250
9
7
2
62
758
148
250
8
2
1223
377
1
0
0
22
111
2
52
19
202
147
1
97
2
0
25
0
707
64
0
0
10
4
10
5
7
38
16
117
33
3
283
44
6
3
26
71
48
7
238
6
18
1
34
41
5
1
108
744
9
4
81
141
144
44
9
22
3
6
109
28
23
90
7
0
28
54
82
0
2
13
14
105
0
381
3
21
334
32
0
1
421
0
11
93
204
167
1
648
2
0
30
1
43
47
60
101
33
1
7
23
8
5
38
25
2
14
62
1
2
37
117
60
41
46
4
0
0
49
3
114
1
15
43
25
1
83
23
76
50
40
0
35
45
4
98
1875
1
3
5
0
101
54
21
75
75
8
149
23
2
7
0
3
29
31
938
12
81
8
50
199
1
91
189
36
217
19
20
45
138
0
17
9
4
6
10
637
31
10
69
1
553
2
2
29
3
6
20
806
42
58
38
10
1
0
6
4
54
35
1
96
581
4
8
4
17
4
694
2
22
172
128
4
152
296
235
40
276
115
12
17
3
86
9
60
3
9
1177
14
15
4
1063
17
20
0
35
0
6
28
60
977
47
45
36
36
39
64
110
0
3368
27
75
7
85
20
195
0
699
30
10
0
17
15
72
47
39
23
0
4
0
34
7
31
10
7
13
25
5
11
367
2
11
90
45
10
3
344
56
189
21
9
6
194
106
54
102
2
340
3
73
27
34
15
14
19
45
66
127
82
330
1
2
51
5
10
123
0
2
3419
277
71
18
1
23
2
4
56
37
6
10
0
0
13
23
155
6
38
21
31
24
46
21
97
2
50
87
20
135
1
16
336
11
0
5633
138
7
299
28
38
2
13
2
5
8
5
21
6
229
437
9
0
18
36
14
380
53
51
29
1
1
12
5
3
24
3
2
0
0
144
0
41
240
40
104
244
0
11
24
581
2
197
164
0
9
44
8
9
30
24
1
49
91
10
151
242
1
98
22
2
25
1
173
2
14
258
57
36
50
79
46
43
9
1
39
24
90
28
30
3
47
9
3
12
10
39
170
264
4
4
1
121
2
1
2
478
1
346
49
99
96
13
37
0
49
60
4
22
2
4
80
48
22
4
5
18
12
13
4
35
1079
316
7
55
23
7
15
285
1
2
17
46
25
78
10
133
970
71
11
2
82
2
9
0
97
3
22
4
13
562
3
350
73
1
154
29
497
471
124
33
3
37
4
128
15
2
119
0
188
146
360
0
153
13
8
15
11
1248
1
28
135
15
154
61
31
1
116
13
0
1
86
1
51
51
30
8
0
485
1
419
76
3
34
792
83
18
82
20
176
1
19
15
103
0
15
59
29
62
3
2
81
77
9
13
5
14
149
17
4
20
27
15
7
6
75
9
84
259
17
20
29
18
2
19
7
750
2
80
21
31
109
4
202
17
484
61
96
2
5
163
4564
97
74
277
3
3
0
25
27
11
27
28
10
130
5
12
7
124
107
31
337
2
1908
3
1
0
114
9
257
499
9
36
24
11
29
11
20
3
251
3
26
251
60
643
31
71
2
434
188
23
21
39
110
19
1
1152
6
10
2
32
22
190
1
92
9
145
321
161
28
22
104
21
4
46
4
2
1
3
26
208
11
273
2
38
2
275
237
30
66
24
100
739
45
15
4
5
6
9
82
227
181
69
30
20
39
27
1
2
30
27
24
190
523
21
15
12
695
1
42
232
1
2
3
51
16
129
13
2
5
3
0
13
50
36
11
178
15
0
1079
0
5
138
35
9
2
71
1
1
112
17
35
512
63
13
9
221
2
5
127
2
243
425
3
63
1
7
0
233
21
12
4
140
59
51
548
11
206
191
23
310
7
616
23
1
3
95
46
3022
28
25
9
442
87
1
2
5
112
304
2
36
1
4
41
2
94
49
380
9
0
245
1
111
15
7
8
297
22
139
2174
16
63
294
248
8
21
1
3
13
742
5
3
0
203
1
10
9
17
14
257
0
3
46
23
22
1
2
22
4
16
362
11774
185
53
275
36
13
2
381
2918
7
20
164
5
10
50
506
3
1
6
366
0
10
13
37
37
8464
237
49
25
3
155
4855
90
29
107
10
70
120
12
229
5
5
101
13
4
7
2888
38
187
10
382
134
412
174
0
1
3
87
26
226
118
1
28
140
85
74
245
8
16
14
3
13
12
245
12
7
4
177
68
274
123
6
1058
4
1
17
474
6
113
0
319
2275
49
15
23
0
3
39
23
2
2
4
0
5
29
1
0
205
7
174
71
2
87
194
3
143
3
2
4
1552
13
9
1
40
0
5
489
861
3
43
175
36
419
35
4
3
7
50
127
73
220
8
262
3
28
7
4
1050
9
5
1
23
154
0
72
0
14
2
103
2
49
28
2
7
66
7
3
1
1421
60
466
7
30
0
35
11
46
103
7
3
35
22
107
5
156
295
1234
2
52
19
23
7
15
2992
45
124
284
4
17
3
13
18
0
7
336
16
55
0
31
40
197
19
8
25
32
35
23
84
32
1
30
7
329
174
0
30
44
5
134
28
62
33
18
10
336
0
111
4
7
258
59
29
198
4
15
0
52
17
1
6
148
47
53
13
0
2
6
30
0
5
2
36
66
1
18
88
116
0
5
9
4
8
27
201
9
43
107
150
1
911
10
35
23
13
46
24
28
123
0
27
33
0
32
39
1
2
0
1991
0
13
2
5
90
7
6
11
132
35
42
8
491
127
4
3
2
8
1
51
3
111
0
26
3374
7
3
14
720
44
15
2
196
0
4
129
287
0
8
290
21
12
172
40
9
0
20
40
29
34
123
68
10
50
23
90
17
14
24
5
10
14
2
5
76
173
9
290
29
229
5
55
5
3
0
1
12
1
328
360
39
8
4
3
144
124
1
509
4
0
1
226
696
1
262
3
441
4
11
16
5
2971
57
3
0
266
122
3
4
46
175
5
10
10
10
20
3
3
4
327
49
28
4229
7
7
120
6
12
60
32
32
22
17
87
25
9
45
1
7
2
7
414
2
236
2
2
1562
18
162
2
116
108
0
29
142
82
11
22
7
1099
12
18
10
4
2
71
11
36
83
47
53
3
49
9
3
99
138
312
884
0
7
3
4
18
780
5
15
27
45
457
6
1
205
13
15
30
0
5
8
7
48
5
20
296
38
1410
34
189
14
12
15
1338
194
12
133
89
12
7
113
22
2
12
68
6
5
551
2
2
3
16
41
12
5
0
0
106
2
8
5
14
2173
17
32
92
86
57
53
3
10
37
127
101
15
11
566
3
17
24
1
1
59
46
9
4
6
0
194
52
3
1
3
6
27
11
1171
5
33
5
9
3318
2393
638
31
127
1
3
18
3
205
2
81
34
2
13
1
78
60
45
64
295
12
97
66
32
0
191
289
24
11
23
1
24
17
2
24
1
83
0
1498
33
137
70
17
25
5
0
9
146
417
22
0
20
4
1
93
21
1
0
9
12
39
53
295
153
114
4
36
24
57
3
0
6
3
6
84
713
6
36
2
985
4
36
12
2
1047
12
46
21
19
29
153
63
82
1
61
111
4
1
48
18
21
13
9
127
25
324
1030
6
41
3
6
1
16
1203
5
102
60
1450
19
743
17
0
33
91
215
25
3
27
257
4
26
28
4
1447
405
12
28
4
136
4509
3
20
103
7
13
3
20
15
152
17
7
72
33
24
48
8
6
4
8
476
1
1
1
2
77
1
56
99
1373
1
118
2
394
0
4
51
40
12
5
7
99
21
526
16
50
40
0
0
9
1
69
810
1
7
17
23
174
108
41
32
130
1
737
8
10
3
4
49
5
67
12
41
1
16
14
19
16
15
527
0
73
2
1087
6
12
296
3
0
529
3
203
78
5
1
96
11
3
192
205
25
33
8
1
5
1213
18
12
18
1
39
238
17
7
5
293
23
7
128
8
6
451
13
0
4
21
4
948
3
789
9
242
114
2
5
4
8
158
24
4
1
1
65
37
310
32
12
175
1
52
1
3
11
98
0
2
28
235
4
450
2
1
1
1
58
31
8
27
16
261
0
3
161
16
0
20
142
7
264
39
706
37
7
18
44
58
413
132
4573
5
4
3
19846
2100
39
4
26
6
1
1
254
3
223
43
0
6249
3
47
5
128
0
13
48
14
0
54
5
3
1
32
30
11
74
25
29
319
3
33
88
6
5
62
35
458
14
225
795
35
65
9
73
4
39
362
23
15
13
49
57
123
65
47
244
2
209
52
27
331
88
2
72
2
5
3
1197
88
51
36
1360
13
4
10
18
113
137
1
91
14
270
9
5
9
8
5
13
42
6
32
6
26
2
3
92
13
68
2180
3
44
8
1
98
31
14
2
77
475
3
1
5
12
0
70
18
342
8
1
23
3490
488
10
14
28
155
105
245
35
18
125
7
88
410
26
220
10
1
11
3
57
31
1
6
35
6
0
2
139
16
32
200
3
4
21
30
4
13
242
28
184
18
5
0
38
82
16
16
1525
98
422
15
69
0
1
9
15
130
4
37
11
22
116
65
70
10
61
1
83
118
24
0
24
0
20
34
9
600
22
10
211
5
28
385
5
219
43
151
146
106
8
43
188
324
8
211
0
15
4
1
20
608
20
1
6
14
219
429
12
322
259
7
42
6
1
31
61
77
794
175
194
88
391
1
17
1333
475
22
2
411
1
6
0
32
194
5
411
273
22
6
0
197
19
0
2443
2
0
14
133
7
15
1
21
59
12
6
284
37
145
11
1
13
130
0
18
15
3
12
11
96
56
18
16
6
642
15
31
1
10
3
8
32
1
205
71
29
7
15
0
0
14
2
7
2909
56
26
99
97
1
80
1
2
7
56
15
1
6
72
170
22
64
1
3
0
8
8
5
88
4
115
18
219
34
13
38
114
144
34
21
2
17
18
58
23
4
113
3
35
26
51
14
0
8
188
19
7
228
495
29
2
72
8
327
6
105
5
2
102
576
128
30
2
239
117
15
12
30
0
0
18
1
19
4
4
60
9
159
1818
89
48
22
66
91
4
36
40
10
337
2
83
241
9
0
0
6
96
0
18
50
3
14
96
17
171
71
15
60
14
30
3
75
64
537
166
50
3
79
25
6
0
247
226
12
15
2
1
89
10
3
14
10
44
542
0
40
78
116
26
47
44
17
313
197
3
274
21
15
183
5
103
5
39
94
2
238
5
90
0
45
43
0
59
30
1
272
3
0
71
12
62
35
41
1
94
3
73
471
5
72
373
405
7
4
51
2
11
104
42
5
4
2394
3
31
18
1
14
121
435
23
4
63
13
48
53
177
64
169
127
35
61
17
30
5
17
1
5
22
1330
5
17
43
360
7
7
40
668
3
162
146
1572
906
163
5
29
6
44
105
0
78
10
6
24
5
80
1
16
4
123
9
30
65
76
6
2
141
3
71
23
40
45
169
39
652
1
0
7
13
3
0
78
120
44
9
14
295
35
13
165
30
155
9
8
7
35
5
8
221
37
40
24
42
16
10
80
6
38
8
267
81
1
105
17
2
3
52
199
3
2
69
22
220
30
667
131
8
102
22
14
1
3
15
8
103
6
2
110
4
3
124
8
1
0
7
86
35
13
36
2
29
192
64
0
11
36
11
121
219
19
2
4
2
3
72
68
6
5515
1300
5
2
9
192
52
31
24
0
6
9
36
64
8
1
0
2
12
3
38
20
7
4
16
202
70
1
2
3
60
16
64
342
14
428
239
435
1
1
80
86
4
66
561
31
12
486
118
6
188
50
74
724
94
13
8
100
244
1
134
7
110
10
339
39
14
359
68
72
13
5
344
32
52
203
19
42
4
66
4
30
17
59
7
24
59
33
0
2
0
20
115
3
701
0
38
216
75
235
0
39
21
322
28
20
7
291
103
41
66
1055
42
15
146
15
376
10
14
14
179
31
46
8
85
38
53
11
1
11
7
110
9
3
3
34
4
18
5
49
85
315
48
125
12
1
46
72
0
5
472
1
11
66
13
6
3
10
24
121
0
51
11
31
27
20
2984
4
5
20
89
15
0
15
31
194
10
2
6
62
12
916
13
76
26
2
337
6
4
2
8
0
7
61
8
5
35
32
4
36
93
0
1
152
2
52
110
14
4
76
53
0
10
529
4
5
2
8
1230
3
1
28
23
0
201
7
4
4
286
59
2
224
36
56
6
9
362
1
99
33
6
67
27
20
200
13
2
29
327
48
27
7
102
6
993
215
23
0
200
29
10
538
36
4
24
12
1
1407
3
131
39
9
32
41
589
36
51
1
14
13
42
2
238
2
137
1388
131
92
199
1
0
104
13
312
2
60
255
9
2020
208
66
80
2
20
252
10
123
17
53
29
61
17
31
48
12
7
80
98
36
101
1220
81
126
36
468
9
36
7
202
159
65
0
8
21
43
5
0
12
26
100
46
6
27
43
23
0
190
41
23
59
34
1
1
240
39
107
443
1
25
19
2
36
16
10
23
11
14
23
1
1
2
25
10
234
31
1
6791
2
15
1044
10
1
558
17
74
112
2417
144
8
38
2
3
28
10
0
2
54
44
40
9
63
10
13
4
3
72
0
27
19
5
9
14
5
5
4
41
3
3
2
1
11
131
100
27
1
13
11
2522
8
9
19
699
26
7
9
190
1
83
56
5
4
9
39
84
1
2
2
4
1
2
3
109
90
116
59
0
18
0
67
34
3
9
2
13
6
237
3
120
47
31
202
537
11
81
0
300
37
972
322
7
10
28
14
5
33
21
13
5
34
2
28
79
79
110
11
34
8
5
23
16
121
24
12
74
1
30
2
79
18
3
116
83
16
0
44
1087
110
67
85
22
38
3
13
47
55
283
40
12
69
10
66
19
30
290
10
24
9
63
1
0
3
11
58
16
128
4
5
35
0
0
2
5
49
1
3
49
5
5
12
14
4
0
2909
32
180
42
97
3
6
420
7
731
24
1
52
9
4
70
145
7
1063
66
38
18
18
906
228
38
9278
82
383
8
7
194
2
6
1
14
1543
160
17
80
5
18
1
1
3
18
2
26
0
12
28
8
17
57
2
0
20
60
22
2
38
11
14
28
5
57
9
2
1
50
2
4
1
12
16
33
530
93
581
78
22
7
4
13
6
148
104
50
15
190
35
718
611
49
1211
66
95
306
79
204
0
156
2
350
110
30
2440
26
18
71
5
3
23
33
330
105
1153
2
5
7
93
428
2
16
53
89
1
8
2
9
6
32
3
16
34
3
24
30
265
1232
36
426
32
219
1563
8
6
0
10
12
38
10
8
229
5754
226
12
114
2
37
95
23
95
10
0
37
79
1629
26
3
148
6
108
5
77
82
27
5
15
3
43
6
585
930
115
1
0
183
31
197
18
42
1887
153
12
20
4
11
113
20
118
0
7
201
42
67
7
75
7
121
0
1043
279
98
28
7
18
15
0
3
7
2
29
64
103
10
3
428
25
30
3
37
7
5
11
2
19
87
3
26
21
1
6
4
2
3
3320
1
16
42
47
22
12
213
19
16
7
79
9
31
20
52
10
142
1
0
2
13
3
47
25
193
390
8
5
14
20
12
263
27
2
130
55
51
146
22
41
18
49
64
26
27
17
7
39
1
12
77
42
13
29
17
10
6
64
0
32
40
1
310
3
5
0
4
11
3
25
2
33
3
13
26
267
15
0
103
72
6
637
1
0
3
5
44
35
16
40
155
98
82
0
9
13
6
15
6
6
2
27
3
0
6
17
159
1
66
7
23
7
4
68
35
7
1302
101
14
0
60
5
1
5
133
568
69
67
20
82
106
2
3
605
61
15
2026
1
53
295
756
23
4
284
3
1
81
7
58
8
8
408
8
1
39
28
5
9
17
77
1
15
4
79
26
35
18
25
4
9
94
18
4
62
25
15
4
2
1
68
2
8
21
55
2
8
37
3
0
303
3
2
237
10
271
167
9
0
3
15
181
3
5
84
13
4
11
58
14
1
95
10
82
3
0
4
661
0
0
33
210
126
2
9
14
1
34
124
23
8
28
39
326
1
4272
1086
4
98
210
9
9
1
80
18
5469
10
109
6
10
85
30
3
241
7
6
0
118
75
14
27
0
10
3
3
14
0
291
56
0
1027
57
1
206
6
80
14
10
277
455
82
113
4
8
4
65
15
5
7
71
1
63
69
5
32
3
115
0
1
28
2
8
37
567
8
55
258
38
18
939
42
1
156
22
41
21
1269
52
32
23
3
0
11
0
31
2
5
24
275
4
6
2
1
18
14
0
9
131
109
79
5
7
21
589
43
16
8
0
3
139
79
8
43
21
52
247
0
2
33
238
287
45
0
3
217
6
64
108
129
67
0
242
12
387
9
979
4
2
25
4
16
291
31
8
6
21
969
9
3
2
7
3
16
2
33
24
207
111
1
21
0
3
318
11
116
5
11
76
39
49
117
86
6
19
2099
5318
1
20
6
32
7
27
117
66
0
99
0
30
11
1
5
85
22
3
12
35
55
8
1
16
3
63
16
1
5
3
146
18
365
12
116
22
0
0
167
0
12
24
356
329
50
15
43
30
5
156
2
59
27
54
1
73
0
5
210
12
10
10
31
4
6
2
115
20
316
0
0
94
0
1
1
15
25
67
41
27
50
16
41
0
31
1121
70
7
4
186
54
5080
30
34
107
17
39
4
431
18
3
111
11
29
0
272
2
0
4
5
12
170
29516
12
6
83
3
49
222
45
312
26
0
0
0
114
72
45
2
1
172
3
49
13
18
10
3
4
753
17
4
44
15
44
1
44
8
5
4669
348
0
43
89
13
0
349
6
23
27
144
4
2
616
15
6
0
7
146
2
243
3
87
26
299
73
91
0
33
11
84
0
18
199
282
2
25
26
6
9
71
379
10
8
140
75
41
145
6
2
18
622
0
6
11
67
7
187
21
3
15
51
2
10
4
34
11
28
20
26
37
48
57
8
0
168
365
1
122
3
11
90
21
18
394
48
31
7
30
10
28
3
3341
68
50
14
225
75
1
8
7
15
98
25
75
501
8
28
33
14
150
7
57
354
12
0
47
40
5
30
224
2
477
39
65
48
14
232
0
672
31
5
167
0
0
198
1
15
11
1
16
0
0
182
6
66
35
1
11202
9
1511
41
6
161
53
53
28
40
1
50
40
3
9
9
470
1
22
103
8
24
8
0
4
7
295
3
31
5
112
36
12
14
72
8
15
42
0
11
0
0
58
50
2
20
5
12
2
56
3
4
5
10
78
10
17
215
0
4
82
52
179
0
39
1
2
4
3
0
494
460
36
258
1
15248
9
85
139
3
525
6
120
3
157
7
20
2
117
10
58
18
37
5
1
43
25
13
2
115
173
8
29
51
0
4
6
1
670
550
61
54
31
4
1
30
47
25
139
155
15
0
2
21
22
37
15
151
10
111
114
4
0
140
36
21
60
0
570
4
31
13
93
17
1
12
218
5
332
6
39
42
31
77
100
2
5
0
29
99
2
62
436
3
3
105
1095
2
154
4
103
0
98
170
23
86
0
34
4
27
6
69
99
79
2
17
45
25
17
14
46
19
15
1
0
139
75
101
1
0
3
6
40
5
89
16
34
40
115
5
24
3
38
676
68
14
2
9
15
168
4
33
2093
3
14
2
34
573
10
3
157
37
30
49
79
2
55
7
47
1
2
8
10
6
3148
4987
91
11
180
30
9
20
5
1567
203
12
0
2
56
7
1120
5
8
170
27
258
5
73
2
10
128
322
14
0
31
25
2
102
8
3
147
420
5746
70
8
29
111
4
139
210
71
51
91
33
3
463
46
23
2
139
22
72
7
684
28
71
1
46
149
94
5
1
1025
552
47
438
340
72
153
150
107
303
246
24
33
20
22
123
15
40
1556
1123
93
24
42
39
15
5
2
9
3
81
13
52
15
2
102
4
9
27
124
839
6
22
52
21
2
23
126
10
3
3
63
9
34
20
13
60
12
31
76
20
36
102
239
3
209
2
423
0
0
22
5
2
4
79
1
246
20
2
3
19
12
69
1
2
8
1
412
212
201
9
0
16
20
29
4
7
185
3
3
5
23
73
63
3
833
2
289
13
69
21
4
1
14
399
7
339
229
62
987
1
104
10
28
7
44
1
2
92
80
18
17
26
8
435
56
0
4
39
13
94
105
3
299
2
1
3
280
2
5
392
37
101
54
9
8
21
2
0
1
364
818
3
37
1
45
8
4
48
24
45
51
99
1876
18
344
15
2223
4
43
34
178
25
45
11
47
1
0
51
160
2
1
6
1
227
163
1
19
9
6
61
137
58
62
71
851
101
4
37
163
1
6
63
34
1
0
15
3216
8
5
422
24
4
29
1
55
1
2
330
5
5
7
42
587
0
40
11
4
7
151
4
1
409
4
261
2
110
118
62
2
0
5
23
3
25
8
12
17
42
29
4
330
9
8
2
53
2
176
291
4
12
4
14
2
1
28
3
7
30
150
7
1985
29
8
5
13
87
19
0
6
6
11
25
4
8
28
7
75
3
755
40
3
8
3
3
11
0
260
9
0
3
259
599
1
41
2
1
0
319
1
17
0
11
3
23
61
10
4
22
61
10
44
2
7
61
30
6
12
79
6
34
1
8
123
119
265
39
26
0
158
12
3
2
0
53
24
11
222
55
33
31
243
44
13
201
21
160
46
2
225
5
16
20
115
10
12
9
13
13
8
2
2
4
90
30
63
9
458
10
37
22
217
0
31
1
104
13
150
2
12
104
22
599
27
168
2
3
27
21
63
388
2
397
3
104
93
20
142
7
1
5
0
28
16
8
219
0
7
1
9
16
21
54
4
856
486
141
31
304
135
62
2
1
38
182
16
52
4
937
198
0
1
33
0
78
49
4
10
152
1406
243
222
2
23
6
66
580
2
17
24
30
4
75
2
145
3
6
84
18
148
14
580
14
11
4
57
1
27
23
29
2
15
2
6
0
34
1647
23
10
0
8
61
28
68
21
2
1480
2
8
0
5
106
1
40
148
61
36
12
295
196
280
6
9
8618
4
459
3
20
393
16
7
4
1
14
3
458
20
1
1
26
13
8
67
21
7
0
6
21
1
236
9
27
0
4
11
31
199
29
5
58
5
36
342
867
0
157
9
24
648
44
2
122
37
37
114
41
12
0
19
25
14
17
8
0
5
267
5
3
8
1
157
179
51
42
0
81
4
102
7
14
584
34
278
443
38
252
13
156
5
1
119
1
1
29
127
9
0
70
0
644
7
28
12
33
6
26
6
43
87
2411
11
2
20
9
148
145
57
17
182
8
29
11
10
80
111
4
13
381
11
168
57
9
3
84
7
139
108
45
3
1
1135
184
15
1934
10
184
166
18
0
41
64
27
77
289
2
52
19
17
46
10
15
113
28
27
12
117
3493
0
17
92
18
36
0
3
5
0
44
6
5
5
12
617
0
7
13
7
36
194
16
19
12174
190
94
1
808
9
9
0
109
2
5
3
268
0
20
1
18
423
24
64
10
51
713
5
2
46
421
2
71
39
6
192
45
722
6
11
12
8
12
34
1
40
320
1042
5
11
0
28
21
89
349
5
1
10
5
209
23
2
41
14
803
133
3
36
51
14
5
2181
17
111
1
0
1
140
2
12
7
309
16
54
3
449
75
22
95
61
0
797
19
1
57
29
74
1505
5
90
19
7
1
10
51
0
88
1
5
420
121
7
2
11
19
24
155
34
124
60
2
60
5
6
0
51
40
6
62
5
29
5
7
12
4
200
1
0
6
8
18
7
6
57
54
2
30
82
10
6
4
19
2
9
16
16
2
39
43
39
161
4106
70
395
26
211
1980
1
58
8
23
62
9
128
185
23
5
88
4
3
2
3
11
3
68
4
35
4
18
30
3
285
461
0
10
217
10
21
76
56
68
29
1009
74
8
130
71
14
2
143
242
4
13
0
105
49
461
18
47
5
1
0
13
5
0
15
36
28
2
57
215
9
150
1
51
68
24
5
0
3
137
10
13
9
20
1
10
75
24
145
124
3
9
4
3
40
19
34
2
70
0
2
77
70
2
13
35
4
182
776
257
2
2640
23
81
7
12
80
0
404
14
14
19
16
0
8
2
141
4
117
41
823
1
3
4
118
37
130
22
6
124
113
26
7
3
11
2
177
400
153
0
8
131
17
33
23
0
1
12
410
10
13
307
2
50
8
2
2
0
2
111
97
67
20
26
26
213
12
34
145
13
6
647
3
41
3
16
26
16
5
34
19
433
48
17
37
16
1
20
16
3
13
52
43
2
171
20
5
15
25
10
319
37
13
865
11
226
16
52
15
5
1
8
9
142
8
40
117
2
24
107
29
71
10
7
10
4
34
26
2
38
123
58
84
20
1
23
75
1
25
1
99
3
32
2
19
5
1049
269
193
0
7
30
2
194
3
19
6
2
10
18
46
6
88
9
10
387
23
13
0
1
244
70
104
1
364
269
3
40
15
27
2
1
883
16
194
2
33
791
136
67
7
93
3
5
7
106
14
5
66
29
4536
21
45
273
1409
62
15
1
26
32
22
15
8
0
2
5
9
20
47
93
9
0
424
5
0
98
638
305
3
16
6
1
2
0
62
51
40
46
11
4
742
20
6
36
281
38
5
33
1
26
15
284
5
3
12
4
74
6
85
127
147
24
5
15
63
33
596
7
6
43
13
58
6
720
10
105
32
26
34
12
4
11
151
9
21
18
93
419
2
27
24
48
0
3
338
8
0
21
4
159
127
0
1116
63
6
39
5
0
823
296
370
8
39
282
0
1
8
0
73
41
3
154
4
0
9
30
4
4531
86
11
4
284
0
209
54
8
52
136
36
125
7
0
1
2
12
188
6
219
15
0
21
205
11
32
230
80
88
11
3
7
0
20
0
2
20
23
21
49
49
80
25
80
203
0
167
2
17
24
28
2
7
32
41
119
1553
36
2
1
15
35
120
51
19
1
595
27
972
1
35
11
29
2
23
32
51
65
3578
1
386
3
179
14
6
3
5
6
84
3
49
3
31
12
3
4
84
2927
12
3
55
4
6
0
580
1
478
0
3
6
48
0
177
4
4
30
32
61
12
90
21
27
7
30
16
26
40
6
3
70
8
13
0
18
52
1266
163
6
7
0
1
12
11
1
2
247
1
9
0
111
44
1
148
1
455
183
9
23
6
17
148
12
47
1355
0
55
0
42
20
46
6
0
14
0
87
0
108
15
35
12
2
32
194
10
20
0
10
1
13
442
3
621
3
24
6
334
31
127
972
19
4
24
17
502
4
0
49
0
53
188
158
16
43
3
12
83
6
0
30
1
7
46
3
34
3
15
226
10
101
158
27
8
0
82
4
209
115
9
187
85
52
26
28
97
848
1
9
1
85
117
12
9
1133
6
1
14
5
33
256
4
7
12
7
402
2
13
1793
84
3
3
247
58
49
135
8
4
6
3
18
14
1
123
7
399
3
43
63
23
38
119
35
235
11
41
166
8
29
8
86
4
1
42
3
331
450
55
4
1
5
81
15
69
0
5478
63
71
19
74
44
0
6
0
38
22
153
128
449
0
805
4
3
0
13
22
1
6
53
13
24
81
72
194
0
41
898
135
4
5
6
3
40
57
54
59
11
43
8
50
188
1081
23
13
2
0
297
0
19
6280
42
75
1
13
141
24
39
47
86
1
142
28
110
55
71
92
18
0
877
31
6
4
2
854
41
15
1
9
2
3
2
23
19
12
2
0
4
16
27
275
2370
352
437
118
12
2
76
82
0
215
2
68
30
0
38
7625
2
1
46
16
57
9
25
42
64
11
0
0
4
1
390
150
2
1342
52
13
23
95
7
13
9
143
0
6
12
2
33
0
174
4
10
2
6
81
0
84
0
743
188
18
209
19
42
0
1
3
1477
91
169
58
77
3
860
3
4
36
21
214
437
56
411
5
38
4
1136
22
0
1184
236
0
37
9
43
1
6
22
30
8
2143
1041
11
241
9
93
9
6
17
28
42
32
2
4
19
727
39
116
2
6
39
67
4
142
20
4
6
11
1
8
3
0
11
15
70
337
1
128
37
1
1
0
11
45
40
157
28
39
127
179
7
20
6
24
9
3
104
4
7
52
18
41
1
25
48
26
99
93
52
6
34
38
40
3
7
62
10
35
373
944
10
8
102
0
55
19
2248
233
0
47
5
1
187
0
10
3
1
2
13
5
345
4
28
12
405
183
14
14
44
172
5
161
21
59
12
6
34
8
4
2
106
5
0
176
6
262
47
1
1
22
7
33
128
24
196
176
13
7
14
2306
1
0
12
12
15
8
1
0
208
55
3
147
148
25
50
0
6
156
131
16
201
8
1
12
80
8
1
132
53
46
27
9
15
4
239
9
13
0
2
205
1
89
0
29
16
14
412
42
33
14
2
4
7
166
10
0
30
0
200
38
100
11
9
4
70
73
2
1525
0
4
490
93
2
35
3
6
44
38
26
8
3
1
65
28
12
5
27
43
2
4
5
2
537
579
13
1
139
45
7
1
86
14
85
0
5
16
2
1125
1
200
34
17
3
5
775
26
24
0
211
133
0
2262
0
24
19
2
7
21
9
0
32
12
65
17
214
6
13
16
1
362
28
7
9
209
142
47
94
41
2
7
234
47
32
37
156
39
4
72
14
23
5
10
3333
12
6
70
18
128
13
6
17
6
50
0
8
10
195
6
0
12
8
51
5
7
64
258
22
5
4
83
67
2
202
39
498
46
36
73
207
74
7
12
18
618
60
89
22
8
5
8
10
2
2
207
24
1
12
40
114
8
325
13
0
166
389
11
6
457
1
3
11
51
3
9
4
8
72
61
51
520
15
116
218
138
14
3
2
52
59
43
0
239
69
128
8
13
16
15
59
11
118
96
40
95
25
8
3
20
89
125
6
15
5
7
5
21
56
62
148
22
300
115
7
13
1487
25
482
1
112
9
3
6
232
16
61
90
2
21
145
9
10
26
20
303
669
10
0
1209
2
1
24
16
2
11
1
31
128
2
2
8
539
50
68
1
99
4
12
3
46
12
6
14
16
14
200
17
20
81
31
24
123
3
43
1
29
80
184
174
405
6
71
69
0
22
6
5
9
5
23
25
2
27
0
39
14
1
25
2372
158
11
352
1646
0
29
30
2
27
4
8
160
32
2
24
54
56
227
24
13
11
23
25
15
1
18
261
544
284
103
679
7
41
10
1
8
0
5
32
3
1
15
52
2
5
82
3
253
491
6
83
314
11
6
246
1
320
396
2
1
102
1
11
589
0
51
6
118
3
10
9
28
3
11
4
1
153
5
105
14
4
1
2
14
498
97
15
523
90
112
5
17
63
66
28
0
67
0
302
6
4
12
1
6
0
67
89
40
25
0
6
7
131
1205
70
2
8
16
25
2
60
8
17
0
17
11
8
612
3
83
0
8
230
17
44
1
37
2
0
30
33
1
17
408
92
37
42
457
38
8
1
182
24
83
1251
13
4
10
10
52
31
64
0
8
4
11
35
16
28
337
1
391
14
74
49
50
1
12
35
1
43
2
147
9
46
42
206
102
47
6
264
28
22
18
60
1
96
3
26
5285
69
695
1281
336
562
5
111
137
16
3
25
144
31
63
387
7
186
282
5
399
136
72
1
8
4
12
1
88
31
76
143
237
0
322
43
63
449
167
11
22
122
11
1
1
2
153
5
2
76
8
41
2
0
6
33
50
43
9
3
18
70
7
146
210
35
29
14
268
175
1
0
11
110
16
0
676
130
188
8
17
24
23
27
22
41
33
143
2
54
1513
10
24
0
12
50
74
109
38
10
21
116
124
18
19
2
76
48
3
35
8
117
30
2300
16
6
0
554
16
46
724
15
256
9
1
20
34
51
0
381
174
28
253
78
136
36
27
60
393
3
48
139
274
0
0
37
10
2
2
3
0
3
9
0
7
15
5
170
37
112
9133
108
34
4059
5
11
47
3
20
0
0
150
0
10
0
376
4
16
43
12
36
195
59
19
34
31
7
38
92
57
0
45
94
30
404
215
396
50
43
15
719
748
78
15
119
11
23
10
0
47
5
10
3
45
13
122
0
14
4
6
5
156
61
11
29
13
98
12
21
20
7
109
8
4
122
19
0
30
27
247
1
391
1
1286
54
5
119
1518
579
7
14
124
3
75
6
1
759
82
2
19
136
93
12
191
10
35
53
49
22
107
84
97
10
340
59
2
6
10
8
14
659
262
5
4
145
7
42
45
255
0
97
2
0
38
121
6
2
790
8
130
15
13
4
57
113
7
3
236
0
1561
10
27
1
14
13
13
27
15
164
3
25
0
19
461
4479
5
7
45
106
6
196
42
23
26
240
45
23
4
10
18
96
36
18
96
4
25
1
34
17
133
632
79
56
43
1515
265
153
13
24
5
104
333
246
1
11
13
14
1
1
4
26
4
2
469
163
0
0
66
31
134
9
70
0
4
15
166
2
11
3
80
179
12
118
66
1821
14
4
71
0
0
12
111
440
2
8
17
9
2
6
2
13
252
1
6
619
11
193
3629
424
49
0
170
12
8
0
12
69
95
10
0
10332
51
38
332
7
8
2
1
21
1
24
9
21
52
125
5
2239
785
181
47
111
965
7
4
134
143
12
7
6
158
7
28
13
73
1481
24
22
28
15
9
48
38
215
13
81
13
1026
55
154
7
6
16
18
0
2
36
18
50
3368
1
378
49
11
101
31
55
72
0
33
26
175
10
11
13
1
1
18
1
118
430
4
3
2
10
3
26
56
170
114
18
28
174
27
11
8
38
36
5
3
0
59
27
0
2
7
4
3
2
0
35
3947
7
181
0
7
273
24
191
2
22
37
11
8
649
70
1
7963
5
2
3
0
6
13
263
32
6
66
17
200
2
4
3
27
47
1
17
0
10
8
12
28
330
4
90
45
17
6
174
28
646
126
13
5
8
3
1
1
12
10
1
13
35
54
0
14
6
12
13
118
5
4
10
287
511
8
21
23
4
61
0
52
72
4
17
214
59
0
43
0
9
36
0
1
1
3
23
14
40
56
0
34
84
80
4
6
880
3
53
4
102
55
22
123
0
3
4
3153
5
172
31
515
26
2
1
55
208
162
12
0
0
1
647
42
359
45
0
602
2
0
3562
11
54
319
78
207
205
8
378
5
69
1540
13
137
50
46
4
0
8
24
1
0
0
52
3
3
20
86
39
29
24
2
16
1
272
108
46
237
0
46
103
10
148
14
3
269
2
3
1
7
2
1033
46
1
14
554
1
169
0
2
4
59
182
0
62
282
1
68
5
30
53
40
38
20
8
16
20
12
107
4
114
178
41
8
138
3
55
137
44
5
81
3
105
10
192
1255
207
6
112
9
1147
28
0
100
911
58
704
17
0
31
3534
194
51
1
4
131
20
28
18
4
90
174
0
7
1148
2
12
15
287
6
24
2
6
26
13
66
43
506
76
14
3
10
19
2
10
19
32
1
6
4
12
17
6
16
20
11
0
1
72
33
29
59
967
12
5
1
198
201
19
7
1
20
374
1
3
13
513
50
209
7
203
1
279
4
33
553
1
8
11
3
0
49
61
194
123
400
1
20
65
23
5
3
534
22
51
3
52
27
32
18
169
89
4
54
12
455
3
5
5
2
76
8
66
12
7
40
200
4
0
4
12
92
382
122
40
8
13
512
15
3
44
6
48
116
0
1544
0
0
22
49
861
75
29
308
28
109
15
1709
3
54
0
16
2
82
15
2
34
22
973
177
0
64
36
0
51
25
43
28
40
91
43
18
11
1
73
53
1133
76
1
17
88
112
79
3
34
4
184
20
8
3
4
88
0
17
110
6
15
10
29
13
36
35
17
1059
4
37
11
0
58
22
155
33
11
82
0
13
25
463
2
5
3
6
62
15
291
0
7
4
991
4
179
495
4
42
112
116
0
739
64
2
33
8
0
142
91
13
14
1
29
3
0
15
27
9
132
173
22
3
5
42
81
49
485
44
5
67
22
25
7
0
82
12
16
34
3
45
1
1023
61
3
120
2
10
3
3
1
1
2
11
4
14
39
49
13
155
37
50
4
10
16
20
2
10
261
1
27
168
5
22
312
380
10
17
14
25
13
1
316
81
23
190
7
6
11
7
16
22
19
13
855
169
1
13
8
68
98
0
1
60
4260
6
2
3
75
3
30
13
19
152
4
6
18
32
19
61
19
66
114
5
10
4
0
34
1
7
33
93
50
24
5
31
0
26
1167
10
6
1
10
7
192
3
11
196
8
536
45
10
2
9
16
15
115
61
2
16
1
3
1
249
3
5
241
3
121
41
48
16
26
1
554
15
17
1322
5
29
4
49
267
87
63
32
63
7
99
17
110
5
3
10
19
3
155
1
145
17
6
7
1
14
8
0
9
15
0
99
449
2
26
174
18
1
115
1
3
162
83
150
89
4
4
15
340
1
3
3
17
3
61
13
16
196
7
104
1
55
45
877
2051
579
39
51
16
3
37
24
1
6
13
0
31
2
6
24
25
79
71
70
19
11
0
21
961
10
29
96
55
32
9
47
27
2
36
1378
1
16
3
0
43
64
6
6
51
7
14
3
62
10
43
1
24
0
17
115
352
46
366
2
126
2
7
42
33
344
590
164
18
35
24
0
70
64
16
682
14
43
1
74
36
3
2
500
113
1
51
415
18
3
49
8
8
3
1695
0
60
2
127
0
181
0
4973
73
15
14
14
5
31
0
10
0
42
460
52
1
1
7
4
3
2
35
14
13
23
4
3
129
119
71
18
9
387
19
7
25
7
5
122
37
237
11
113
18
1
21
6
1
52
237
3
67
20
16
35
7
33
11
46
18
259
46
15
57
242
8
34
8
8
7
12
117
1285
1
33
17
48
1
29
82
0
19
9
3
9
15
0
838
65
191
18
14
6
0
4
3
6
0
7
31
15
31
231
9
141
31
2
21
120
3
2
39
3
6
0
50
3
13
14
12
35
215
27
57
32
8
28
51
6
22
1
30
5
13
7
14
0
24
11
12
21
174
5
17
53
73
31
0
2
4149
36
4
67
23
31
122
15
7
2
17
86
77
120
73
196
55
43
49
12
33
427
0
42
196
103
5
2
48
93
2
27
1
53
3
6
8
903
24
2
990
10
513
33
22
57
67
0
28
12
89
9
7
6
1
1
2
64
70
93
55
348
0
1
390
22
18
35
1
176
125
1
8
232
35
1
22
29
659
13
1504
89
141
33
26
283
78
43
42
13
255
78
59
10
6
3
0
107
248
40
13
7
7
3
10
112
33
3
0
115
35
42
7
50
56
7
34
5
2
147
111
40
1058
4085
541
28
315
18
0
16
3
1
7
27
273
2
2
6
172
9
145
86
18
3
237
20
5
21
31
1
16
45
310
4
3
6
98
2
103
10
105
37
0
388
27
0
90
0
22
14
134
8
11
67
75
21
23
28
940
80
3
23
5
2
2
3
625
0
30
173
18
47
121
2354
14
38
9
8
233
88
21
29
4
3
318
13
20
92
604
0
48
3
11
36
8
654
200
0
25
7
6
529
1
761
1
3
292
30
36
0
1
435
13
1
57
14
29
429
4
22
50
11
10
7
29
0
24
3
339
27
157
214
18
3
151
326
204
6
0
95
722
1
19
6
1
15
10
112
53
182
12
173
0
218
105
18
117
17
8
85
1
4
59
60
1702
66
4
1
56
1
41
291
5
225
870
0
183
448
446
19
143
56
5
1
37
2
2
288
15
5
316
0
42
9
5
11
93
2
40
15
3
1
1
96
3
8
4
5
76
40
7
102
80
3
11
45
17
176
5
104
43
16
29
4
8
11
0
33
98
302
23
1
268
38
1569
50
24
12
1
11
8
34
4
7
1
0
3
162
27
55
207
27
76
30
23
1
0
11
2
9
4
5
917
26
7
69
54
573
110
1
1
546
19
1
56
5
6
2665
3
75
3
8
44
217
7
0
574
68
30
29
1
220
32
35
115
109
47
60
13
18
697
26
196
3
67
23
3
16
47
3
1
17
19
492
34
0
3
5
41
28
21
2
0
2
4
90
13
20
29
3
6
11
10
13
1
13
7
25
0
6
6
646
2
60
24
792
2
83
24
109
2
83
428
3
87
429
1
29
4
16
170
53
0
13
4
63
0
15
156
0
0
17
66
7
72
1
2
85
42
17
6
24
12
9
43
2
10
39
1
2
516
16
23
11
7
356
2
105
204
1303
5
279
8
130
18
5
38
4
2
129
4
18
1419
20
6
1185
453
40
1
128
101
51
24
214
59
4
847
52
26
103
2
194
208
9
8
3
0
22
1
376
0
8
7
123
46
3
3852
5
0
475
1
5
58
0
54
1
2
5
48
104
48
9
6
60
3
14
98
0
32
48
37
62
1
859
0
459
27
5
71
22
36
33
62
2
197
115
109
359
34
20
0
29
158
375
17
26
26
14
35
38
16
80
144
11
131
125
2
13
0
27
71
9
7067
8
144
3729
180
40
30
136
9
393
5453
12
43
56
77
28
18
61
2
21
2
0
421
82
482
0
20
238
15
0
1
20
12
882
98
0
190
92
86
24
125
15
27
21
365
45
111
2
635
12
19
29
9
2
447
2
35
29
132
1
14
10
120
10
4
11
3572
50
23
32
76
69
147
0
14
5
32
3
172
5
0
12
14
2
16
182
121
2
282
0
9
30
6
14
32
20
81
1
148
0
6
36
65
8
3
10
0
120
112
3
0
80
191
267
35
16
132
1
36
38
7
12
9
882
135
9
12
40
20
13
21
0
227
0
14
3
1
608
26
92
10
2
66
88
154
258
2
51
39
747
19
52
6
2
14
3
1
0
2
9
777
12
5
62
148
96
13
12
29
1
62
14
10
4
22
7
8
6
5
6
1
5
170
7
33
19
211
45
65
111
3
149
3
22
9
9
53
45
17
650
102
28
8
36
19
2
12
12
22
0
1
71
264
15
17
147
20
99
124
12
36
43
4
9
31
4
178
102
95
25
6
263
22
0
656
5
2
2
13
65
23
124
11
1658
55
25
47
23
2
4
60
16
182
0
48
141
1
33
178
16
105
8
34
387
39
80
25
7
241
64
280
4
99
28
7
42
14
770
27
13
2081
2
27
82
1510
50
119
54
11
2
82
11
122
0
534
17
10
45
32
1
163
5
5
28
0
49
180
147
236
29
1076
0
9
29
11
1
286
89
50
18
31
354
10
403
81
69
4
1
38
330
17
23
12
10
23
0
7
4
76
27
58
139
5
268
721
70
44
25
25
34
29
346
5
35
26
37
46
3
5
26
6
86
23
26
14
10
187
136
4
19
12
5247
53
4
140
3
13
27
51
45
14
184
33
26
7
41
1
189
32
25
74
23
85
68
16
8
29
536
179
104
5
7
19
512
14
483
44
16
33
130
10
0
6
0
24
10
213
3
2
0
16
3
32
5
157
1
12
35
14
24
65
35
25
7
2
11
30
16
3
37
2
1
1
27
3
24
213
2526
4
16
17
5
11
1
9
14
9
10
5
7
180
9
10
532
36
14
0
7
18
6
38
0
27
14
7
18
11
25
5
18
187
49
10
5
50
437
31
119
28
3
25
4779
1
98
2
283
4
2
67
40
6
102
8
407
13
47
4
614
5
0
18
1
95
209
362
93
28
51
4
11
23
309
27
8
21
6
3
1
3
78
850
0
39
12
185
61
150
6
152
1
48
85
1
12
169
1038
3
12
1231
234
2
137
0
2
21
13
9
15
96
1
9
393
10
5
696
163
44
2689
116
26
14
1
5
84
5
319
0
2185
2
4
4
13
123
2
1
13
326
74
30
5
6
3
54
48
12
29
4
7
0
3
33
219
32
177
2
7
29
12
26
75
3
5
148
44
11
23
112
35
6
236
32
1392
65
4
2
4
67
63
2
303
123
1
1279
67
331
74
36
59
111
91
1
100
5
725
9
17
65
8
36
144
4
3
475
13
24
35
5
58
14
9
6
227
8
8
2
7
4
25
1
37
1123
26
22
160
233
17
1
84
5
78
170
7
438
0
5
2
1289
69
13
17
38
1
43
9
184
56
10
0
41
157
0
4
5
69
29
8
162
23
1219
8
4
62
45
0
434
6
202
6
651
5
204
0
40
6
11
224
12
10
1
16
372
17
12
16
232
71
453
279
75
17
1125
64
91
6
282
16
177
8
63
75
15
80
7
6
855
29
5
0
61
1651
5
499
6
95
9
60
89
286
148
6
215
167
2
42
242
1
66
0
12
2
20
49
198
11
17
218
38
39
25
4
4
5
1127
2
46
9
7
9
60
1472
191
18
14
0
146
11
17
6
26
53
6
3
21
183
16
15
164
67
12
1
67
23
8
4
402
704
39
81
6
22
20
64
26
99
8
5
76
218
26
0
3
25
10
2
2
6
110
25
0
36
25
23
282
172
10
10
2
0
233
119
8
14
71
180
22
45
35
8
73
45
434
1
16
11
26
10
4
3
1403
209
12
11
1820
7
9
23
132
0
35
61
23
29
4
12
19
11
3
20
195
27
53
41
93
6
16
15
136
32
0
12
81
481
52
11
43
2
15
19
199
7
11
23
1652
14
3
0
2
34
72
17
62
31
7
0
23
86
10
137
31
25
66
2
299
39
271
4
48
16
17
46
4
304
28
391
9
6
25
37
24
54
63
77
35
0
61
2
42023
27
341
3
46
1
35
99
