20
29
27
36
9
11
12
25
18
42
29
20
11
29
26
17
13
14
25
34
18
16
37
11
24
18
20
26
28
26
19
48
29
27
11
34
51
20
22
46
47
36
49
37
24
50
47
20
16
36
16
18
33
26
23
37
19
32
34
33
53
13
17
43
53
50
34
35
39
41
41
24
39
33
22
40
23
30
20
18
47
16
17
16
21
15
22
17
17
22
17
22
20
36
16
22
22
30
27
30
9
34
21
36
53
34
11
24
35
38
20
12
37
26
31
11
34
18
13
54
29
33
19
16
32
26
20
22
48
14
29
24
17
30
26
17
21
29
14
17
29
26
49
43
19
18
28
22
25
68
29
23
21
25
26
21
27
21
32
15
13
38
18
30
25
47
45
20
29
26
45
22
20
29
20
13
24
29
29
14
16
51
12
32
41
15
35
26
26
23
42
6
31
21
19
23
45
15
19
21
18
27
35
30
19
19
27
24
31
27
15
35
27
25
30
11
22
29
41
21
26
63
51
18
33
35
29
21
18
25
30
28
36
14
27
21
16
41
22
57
16
21
16
30
26
31
29
39
33
33
33
29
36
35
39
18
24
23
39
21
19
24
13
17
24
42
33
21
20
31
52
29
23
33
25
29
14
56
54
24
14
23
18
14
28
16
16
17
16
44
29
26
33
18
27
15
29
29
15
38
23
13
9
12
32
26
15
32
39
25
16
11
21
25
17
22
16
31
39
32
16
23
32
27
47
13
17
26
17
17
32
23
27
25
14
13
22
25
18
17
36
22
56
15
34
46
30
25
12
28
12
41
36
21
17
27
28
13
24
33
31
17
28
47
28
52
12
44
16
33
24
19
13
57
30
20
37
22
27
30
22
27
23
21
13
17
14
22
48
18
25
29
23
49
36
37
17
16
27
24
29
15
19
12
46
27
24
17
22
41
34
24
16
20
27
20
9
22
41
17
55
14
47
21
29
25
31
12
21
45
24
28
15
21
19
63
21
20
14
15
46
20
32
15
27
49
13
37
29
22
16
38
21
34
15
15
14
54
18
29
21
22
29
33
26
22
42
17
24
36
52
24
20
49
22
32
29
25
21
37
20
25
22
44
26
13
24
36
17
26
9
33
19
28
30
20
19
30
11
15
26
17
34
34
26
16
22
17
28
20
20
25
47
28
25
49
28
28
37
12
20
32
35
28
30
22
36
11
20
32
57
27
41
25
36
36
18
24
30
20
28
24
18
30
17
25
17
23
12
44
29
13
26
25
18
29
24
20
13
14
27
18
24
45
53
18
27
19
27
39
34
18
24
17
48
31
16
19
35
26
41
26
29
25
32
56
22
29
23
21
33
8
30
25
21
25
22
33
68
32
51
23
40
20
26
33
26
38
18
44
46
28
10
25
25
15
29
27
16
25
28
18
30
36
28
23
35
45
35
14
20
15
11
22
9
35
29
11
32
21
26
27
47
27
28
20
25
12
47
23
14
18
57
30
35
23
34
13
16
38
45
41
36
22
16
30
20
12
27
19
34
38
25
26
15
28
13
15
28
41
20
19
19
12
21
28
37
13
19
24
30
27
69
15
10
22
41
12
31
36
50
23
21
28
29
35
30
29
16
20
22
37
41
24
19
22
17
23
12
12
53
13
19
19
21
22
32
10
24
15
15
26
18
19
20
30
27
29
17
72
20
36
25
17
35
20
20
42
24
31
47
21
55
25
24
64
18
32
34
28
29
28
19
28
38
29
42
12
32
24
24
19
29
19
24
28
12
41
16
21
33
54
31
38
29
26
34
27
27
28
22
34
26
23
14
30
40
14
38
57
14
22
35
16
43
42
21
19
35
15
11
14
19
23
20
18
36
35
21
12
39
29
33
30
47
48
31
12
16
28
10
12
17
28
24
29
22
22
24
26
12
17
29
20
38
16
56
24
42
26
50
23
21
10
33
23
17
23
19
13
22
39
42
49
52
51
19
16
22
9
29
43
19
28
27
36
38
27
41
45
19
38
21
22
63
26
28
42
16
50
46
31
24
18
40
34
32
30
21
43
21
37
47
26
25
35
17
22
21
26
16
13
26
42
20
29
28
30
16
33
17
16
20
19
36
20
20
16
22
24
10
21
15
46
19
20
33
38
32
35
27
33
21
27
13
31
36
17
17
47
18
34
34
32
26
12
42
32
35
30
32
10
13
41
30
21
27
49
50
13
26
18
25
25
26
15
33
12
27
24
24
31
25
23
24
24
20
26
34
12
25
24
30
17
34
11
24
46
12
38
15
17
22
21
25
22
33
19
6
19
34
18
21
25
15
20
21
19
26
18
15
11
10
37
19
42
55
16
34
20
22
20
44
15
41
34
28
17
18
29
15
37
34
18
39
53
26
23
31
18
26
25
15
20
19
16
12
40
22
17
53
41
12
20
18
18
18
29
19
28
30
40
32
37
31
29
34
40
36
13
20
18
22
34
32
16
38
18
15
17
22
22
28
19
23
12
44
35
20
17
33
18
18
29
28
51
12
16
30
25
15
20
42
19
16
41
18
31
43
10
29
24
21
23
51
28
21
26
21
34
32
15
16
20
17
27
18
15
36
18
23
35
28
29
31
31
53
29
35
48
13
32
17
59
30
41
18
34
45
17
26
21
28
16
14
41
32
31
35
19
6
52
26
48
13
50
25
19
34
10
12
39
34
14
55
53
35
22
62
16
26
27
15
27
18
35
14
31
31
14
39
22
25
20
44
38
34
21
29
27
37
24
9
44
22
31
35
13
20
38
28
14
30
15
26
15
34
52
22
20
21
19
31
30
32
19
21
34
42
23
31
48
31
28
20
16
24
12
29
38
26
15
17
22
46
35
64
40
29
32
31
37
35
41
24
20
31
15
51
34
11
15
14
30
18
37
33
30
19
12
18
25
18
23
23
17
38
51
18
19
23
38
22
34
18
32
23
30
22
31
17
17
47
28
35
44
23
33
10
17
34
19
31
20
22
21
34
53
36
67
28
33
15
20
44
39
16
34
21
19
10
19
50
33
28
25
18
32
31
24
20
49
21
20
18
20
27
21
25
22
14
28
39
11
28
50
43
40
36
20
24
19
22
34
29
23
17
34
28
19
36
23
65
18
39
23
21
25
35
30
31
20
41
19
14
24
23
16
15
32
20
21
32
15
10
48
33
21
19
20
30
23
23
51
17
27
36
50
28
17
14
17
21
47
39
24
25
26
23
16
38
23
27
29
22
15
11
19
21
17
33
26
38
18
14
17
13
55
25
17
24
35
25
13
45
17
31
41
24
20
36
34
24
23
17
27
17
18
30
19
12
21
30
22
22
27
39
23
38
25
20
20
31
18
16
11
16
21
35
27
18
34
24
40
35
33
18
12
25
22
23
16
35
13
30
75
22
38
20
31
20
15
27
23
30
14
44
25
25
29
36
35
13
26
17
25
18
17
25
27
19
18
14
26
31
39
18
21
7
54
23
25
30
22
52
18
38
42
29
28
22
13
17
20
31
42
35
23
16
36
26
46
21
38
43
18
23
18
52
24
17
29
44
31
36
30
28
43
31
15
45
48
38
21
21
26
18
27
36
26
29
37
25
35
38
26
27
7
30
26
22
39
16
36
18
24
16
23
19
50
26
30
38
18
64
23
21
23
26
33
13
13
16
29
13
15
40
21
44
31
38
33
18
21
23
30
38
16
24
18
22
18
43
30
25
29
43
64
10
16
55
52
17
25
14
17
20
42
28
21
18
18
38
53
20
14
25
45
17
21
19
57
36
34
20
30
16
40
14
17
26
37
29
17
36
34
22
18
29
28
29
33
15
57
38
28
30
23
41
12
30
14
9
76
35
42
15
25
32
54
45
17
42
31
25
25
38
46
59
17
26
22
20
14
11
10
24
33
34
16
37
30
26
35
30
27
28
22
34
55
25
57
22
13
26
25
24
14
36
17
9
20
31
50
26
21
24
20
60
18
27
24
25
30
31
29
27
13
30
22
26
15
46
32
23
38
58
29
14
18
44
21
21
32
23
49
21
33
20
44
26
28
29
36
27
22
28
17
33
45
24
12
18
28
18
32
27
46
15
29
25
38
14
38
14
36
33
19
18
27
18
16
24
44
14
31
24
6
33
20
29
39
23
38
20
36
35
11
27
17
44
22
41
25
27
17
18
47
45
51
14
26
25
21
21
23
23
30
38
27
25
34
14
15
23
16
39
28
28
39
22
15
30
32
20
20
12
20
32
17
14
25
14
16
36
21
24
29
19
19
26
34
16
22
9
27
14
31
14
26
39
14
29
39
43
29
43
32
19
48
17
15
34
37
42
47
23
40
29
28
32
36
38
15
26
27
36
22
15
28
51
25
31
23
20
32
19
28
20
23
32
51
22
13
50
18
27
26
23
24
28
21
27
43
22
29
38
31
16
15
26
14
18
28
48
22
24
39
21
16
23
31
30
24
14
19
54
35
26
51
23
15
22
13
20
30
24
23
27
35
15
23
37
57
37
27
24
17
14
14
28
28
19
25
33
18
19
15
26
27
49
29
41
18
26
22
27
26
30
22
13
19
13
28
23
13
22
39
26
27
19
41
19
25
37
36
28
31
19
23
16
24
47
65
25
16
16
36
30
21
26
19
12
33
33
11
15
18
32
41
34
28
13
25
45
27
22
17
18
22
18
15
15
26
44
19
30
34
19
28
20
20
32
36
16
23
26
31
25
31
22
28
38
23
36
47
29
19
24
25
17
24
18
49
28
23
18
29
15
33
24
45
26
17
23
42
26
23
18
25
56
17
21
28
44
28
34
18
30
20
28
38
20
49
25
15
33
26
47
24
32
17
14
16
24
17
23
16
40
15
15
24
16
30
17
53
26
36
23
52
31
27
20
38
28
20
13
25
30
27
40
37
15
20
21
30
20
22
28
12
11
28
20
21
26
32
29
13
24
16
41
34
25
26
24
28
29
50
39
23
23
18
18
27
17
24
30
49
33
35
29
22
21
46
21
74
32
24
30
22
23
21
27
36
19
28
23
26
23
24
28
19
79
43
10
50
27
24
12
30
7
26
21
12
32
33
13
16
23
18
33
38
32
15
22
42
15
26
24
16
58
14
19
28
21
22
15
19
30
20
26
30
28
29
21
22
32
20
21
30
40
11
24
27
21
31
36
25
26
19
31
37
32
24
49
21
32
46
26
15
32
45
23
35
31
32
37
18
28
