28
63
20
22
17
8
27
28
31
25
25
39
16
22
17
38
13
13
23
19
17
26
39
34
21
29
24
16
27
24
29
39
24
23
33
33
18
41
14
42
27
36
21
22
17
45
20
29
17
15
14
38
31
19
27
17
25
14
24
20
31
13
20
19
23
9
14
14
21
48
13
23
28
20
25
27
18
30
32
24
17
15
38
17
15
56
36
24
30
31
19
39
18
49
17
25
40
29
26
15
19
50
42
24
36
44
37
15
35
21
31
28
34
12
24
89
15
24
26
46
25
31
55
39
10
17
25
43
31
34
21
17
13
14
24
31
30
29
16
45
21
19
34
18
38
13
32
15
14
45
21
14
63
19
43
29
36
20
18
18
29
26
48
17
30
19
19
17
29
11
23
38
15
20
14
26
56
18
32
46
25
49
15
31
33
21
24
11
27
70
70
27
19
44
22
27
51
22
33
33
20
37
35
37
19
22
16
32
37
31
16
20
18
16
16
22
39
40
17
24
49
14
14
35
29
39
21
27
20
41
17
22
23
29
25
34
29
22
22
44
17
20
13
26
43
23
32
16
28
42
21
31
12
18
18
26
30
13
17
37
29
28
13
17
28
34
20
33
36
35
16
42
16
16
35
27
36
18
22
22
18
43
24
35
31
25
14
39
13
39
15
28
17
49
24
39
18
28
10
28
22
20
17
60
30
29
27
19
29
41
23
19
17
25
17
23
25
16
10
20
20
20
28
32
17
19
33
19
14
20
42
42
31
20
14
31
35
28
30
36
19
25
34
27
24
20
41
19
25
35
17
21
24
27
22
49
34
22
27
27
24
29
41
17
53
27
34
28
67
19
32
14
15
22
23
25
25
16
33
42
22
38
29
25
27
25
37
13
16
12
32
13
50
30
31
19
41
28
30
12
35
18
58
18
26
31
21
16
15
10
29
18
14
35
37
29
31
23
14
20
26
56
55
24
11
45
33
20
38
46
24
21
28
21
12
24
31
20
28
14
29
27
24
27
28
44
38
26
20
36
19
24
19
22
13
48
27
25
39
19
33
14
29
19
56
24
17
26
26
17
24
12
17
18
30
15
30
29
17
14
18
19
40
19
45
21
27
24
45
33
21
16
33
44
21
42
36
16
48
16
24
46
18
33
19
64
21
31
30
65
38
44
19
30
26
28
7
23
12
19
37
52
33
35
49
32
7
22
28
22
14
41
52
35
46
30
26
21
36
22
18
16
63
66
18
28
17
23
37
32
17
40
34
28
19
31
25
25
21
37
25
38
13
37
18
30
25
20
27
23
17
30
30
18
23
24
28
27
21
24
27
31
19
11
16
59
66
12
11
13
25
23
22
24
47
34
29
26
21
47
17
36
25
43
24
27
36
18
26
20
25
26
16
20
47
38
20
28
20
19
37
35
9
27
44
26
20
32
21
20
35
22
21
23
33
41
19
27
23
36
40
23
35
30
12
31
32
15
24
15
18
18
29
44
23
15
20
16
17
40
53
11
39
16
39
34
15
32
33
20
29
17
18
28
68
19
28
28
52
19
30
25
27
57
23
45
27
28
64
50
48
44
15
43
22
16
24
29
30
22
29
15
22
26
39
10
27
41
38
19
14
9
29
30
12
15
19
21
30
30
15
16
22
50
12
12
12
20
30
38
12
36
13
28
39
35
21
27
23
10
41
29
23
17
26
39
30
48
25
24
26
31
35
21
27
36
29
28
18
26
59
22
22
18
11
13
16
26
21
22
44
30
23
35
32
32
18
18
18
16
14
14
19
36
28
17
31
22
57
27
12
16
33
28
19
26
34
13
14
16
22
8
28
16
14
36
13
18
25
29
30
31
18
20
21
23
53
20
12
26
23
21
23
19
18
34
12
21
15
59
51
35
21
17
38
35
22
21
18
43
25
26
33
33
27
18
23
22
23
21
22
10
33
33
28
21
34
20
33
30
48
18
21
18
19
12
36
26
27
24
21
14
27
25
15
29
42
47
25
42
38
25
20
36
46
51
17
35
16
25
31
20
24
28
20
12
11
29
17
11
31
22
30
39
32
41
11
25
29
19
22
24
32
17
21
29
26
15
18
18
61
22
38
10
20
36
22
21
33
37
16
35
25
38
49
19
23
23
50
26
24
14
35
11
30
27
10
18
33
24
33
21
23
32
43
38
19
15
21
25
31
20
37
35
29
19
8
18
30
15
29
30
24
52
12
43
26
25
19
23
27
22
14
16
14
23
42
25
37
14
34
56
31
36
35
22
34
42
38
18
31
20
19
33
43
27
11
24
44
42
23
23
24
23
18
20
25
13
29
12
36
20
17
24
48
21
26
18
34
27
34
23
23
46
53
42
15
13
17
65
12
23
21
22
26
23
22
22
33
41
15
20
29
18
19
34
18
47
17
13
40
12
18
20
18
25
14
40
35
18
37
38
33
40
19
30
19
39
45
55
14
32
30
22
32
34
22
26
25
27
23
47
33
51
37
22
23
20
31
27
18
28
32
13
42
50
48
22
32
24
13
16
41
16
23
35
19
39
16
18
22
29
46
23
26
18
16
60
25
29
35
26
16
26
30
19
40
34
42
12
28
11
18
29
25
55
23
11
29
22
41
27
16
16
30
42
22
10
19
21
42
19
29
32
32
15
35
41
25
14
16
21
47
33
8
37
20
17
43
17
17
26
20
41
19
12
15
48
34
33
22
39
25
20
33
22
46
23
14
26
21
24
17
21
28
53
44
16
20
19
26
16
27
15
40
27
17
23
35
69
45
36
39
27
11
32
44
17
29
13
25
35
20
19
13
32
14
29
23
29
15
35
37
20
21
14
46
22
20
31
22
37
27
23
39
30
15
19
33
43
13
26
57
18
27
28
31
15
30
53
10
20
18
18
21
31
39
16
27
11
13
21
21
28
24
15
22
62
25
28
38
25
38
28
38
21
51
23
17
30
41
12
23
28
33
21
25
19
52
32
26
13
9
39
20
15
19
40
20
19
28
21
13
43
21
20
48
15
12
37
28
31
35
19
17
22
28
46
16
50
28
41
25
28
39
20
25
27
38
31
15
25
26
25
34
24
26
18
27
23
18
24
14
19
34
18
33
17
26
59
31
21
35
27
35
30
37
23
20
31
24
41
18
27
41
18
19
12
18
35
15
26
21
39
23
24
30
34
38
41
14
30
35
26
35
27
27
14
29
23
54
27
24
20
30
27
61
23
18
14
16
55
51
27
38
17
17
57
27
21
27
33
18
20
11
19
34
29
32
39
46
21
41
21
21
18
22
12
27
39
29
48
20
33
45
27
49
24
31
35
45
15
20
24
32
19
19
34
21
21
39
29
30
22
27
15
36
36
19
25
39
23
37
10
30
36
30
18
32
30
31
19
32
10
40
27
33
33
28
24
25
19
32
34
20
19
9
17
50
10
29
19
19
19
17
34
40
40
21
12
33
23
25
17
21
15
21
31
23
45
46
26
14
31
35
21
15
48
20
24
25
20
14
24
20
42
33
32
31
25
9
29
15
26
20
18
39
15
11
28
11
22
27
34
33
11
52
15
7
23
21
39
36
37
37
15
22
22
28
9
15
26
27
30
30
47
31
33
16
37
10
16
31
24
23
15
11
26
42
32
52
17
48
12
24
19
12
18
43
32
27
17
36
18
32
36
40
53
33
25
40
17
44
28
36
25
30
54
58
25
15
10
19
13
15
22
31
23
46
18
27
44
21
27
14
17
23
27
16
56
34
21
36
30
38
25
40
20
52
33
30
19
25
16
29
16
29
24
30
15
14
27
19
16
18
16
21
33
23
24
24
42
29
29
21
34
22
53
40
37
23
30
41
21
16
18
12
15
35
26
25
27
38
15
20
23
23
31
28
27
51
21
10
34
18
18
28
29
31
22
41
33
25
30
36
15
42
14
42
28
15
59
16
33
46
15
29
37
35
27
46
24
41
12
13
36
22
35
11
5
20
28
19
9
31
32
16
20
11
19
22
32
18
17
19
19
18
18
13
11
36
27
27
12
28
22
14
21
34
29
24
16
35
25
16
28
34
42
18
72
8
22
23
26
20
29
28
13
50
22
19
11
38
13
28
12
28
28
16
54
20
20
36
47
20
18
33
21
48
19
55
24
31
30
30
12
31
31
38
36
24
42
57
75
30
42
19
26
19
37
35
26
26
34
23
37
25
28
24
33
22
28
35
16
18
24
17
15
30
52
28
27
35
16
12
14
31
41
18
57
13
17
11
18
16
47
51
54
12
21
14
55
24
34
36
10
14
12
50
29
17
20
24
28
25
37
25
25
27
16
9
36
26
26
19
36
20
18
13
13
45
20
11
52
19
12
67
37
21
15
17
46
16
21
19
30
15
26
50
30
26
21
26
34
40
16
14
16
39
9
35
22
29
15
8
27
21
30
36
23
16
21
37
18
25
20
31
40
22
38
12
37
47
22
17
23
16
17
15
30
31
22
17
41
17
23
43
30
65
21
14
17
19
20
22
19
7
47
45
32
18
27
18
30
27
14
14
27
29
24
20
57
14
31
28
31
29
25
29
37
44
27
10
12
24
39
9
33
39
30
9
18
43
29
23
18
15
18
12
20
18
18
35
52
24
14
32
16
23
25
14
23
31
24
22
39
32
24
15
15
27
22
40
7
12
42
27
22
31
37
37
28
38
22
35
42
42
22
27
36
14
36
30
49
34
21
22
43
14
22
33
44
21
35
13
30
29
34
20
13
22
26
34
18
43
21
33
18
44
36
22
18
21
26
54
21
26
16
26
42
21
33
25
29
27
23
24
20
35
22
11
23
19
24
22
38
48
24
24
24
19
18
36
23
18
21
26
41
48
38
26
12
19
30
22
39
17
12
56
19
35
30
24
19
43
37
45
24
11
11
29
25
22
17
12
46
13
30
27
31
39
35
45
26
24
39
25
24
25
42
14
16
27
39
17
27
18
16
43
30
16
30
18
20
60
26
23
17
15
41
16
16
17
21
32
54
27
13
26
33
28
30
20
24
18
48
24
23
34
36
37
31
18
43
23
29
17
15
10
13
26
48
23
22
40
19
16
36
33
13
21
16
34
16
30
17
35
17
36
25
24
19
28
15
18
22
35
25
32
20
20
23
40
47
11
26
32
18
36
23
18
30
23
60
17
15
9
43
30
47
34
23
36
47
23
38
33
26
40
18
19
18
50
46
13
34
26
47
25
27
13
48
10
31
45
29
32
