14
11
16
82
34
39
17
19
12
27
27
17
34
29
24
12
34
46
11
31
50
22
10
18
26
26
20
21
35
12
10
13
16
30
25
22
39
18
26
13
70
5
56
3
7
21
33
20
45
39
19
14
12
14
13
54
17
14
23
23
21
9
33
34
23
45
8
13
6
26
9
61
33
7
32
12
22
8
7
10
10
33
56
16
21
11
24
20
16
13
42
8
6
9
7
6
27
14
20
18
25
52
26
18
25
69
8
21
24
7
26
22
44
9
24
18
34
30
32
28
48
53
23
12
15
9
13
22
4
9
22
16
7
18
4
8
9
14
8
15
10
26
36
11
27
70
13
23
48
29
18
17
177
46
8
18
12
64
9
35
56
3
18
11
8
11
8
9
24
24
19
13
5
5
20
2
26
11
7
41
17
14
86
21
5
19
6
14
24
18
24
5
10
11
29
20
8
5
9
7
3
9
34
20
22
5
26
30
40
9
8
18
6
18
32
24
76
68
28
14
38
14
21
27
20
20
132
16
10
28
29
31
9
22
13
51
25
12
8
22
21
13
13
24
6
29
29
23
7
45
27
37
30
18
40
70
19
47
7
13
15
38
41
57
18
12
17
24
21
22
20
46
7
40
21
24
6
23
12
1
12
15
7
9
21
18
18
6
10
8
7
40
12
53
10
59
28
46
11
34
14
46
12
42
18
14
26
18
23
14
27
15
51
24
24
20
18
20
14
15
7
11
37
27
25
10
13
27
17
12
60
6
42
7
11
11
14
68
22
92
33
17
42
1
48
19
8
14
34
15
34
53
36
16
23
48
48
25
17
14
6
24
23
48
25
2
12
12
25
6
6
9
21
21
14
33
20
22
22
9
16
20
60
7
35
34
8
28
10
21
42
26
9
55
16
5
17
20
73
15
13
19
47
11
33
18
14
15
8
56
11
17
25
11
24
29
6
9
29
17
17
24
6
2
30
19
25
32
22
24
27
17
17
4
40
6
26
30
6
32
9
39
11
110
16
13
15
21
70
6
11
15
51
7
20
4
26
11
21
7
10
57
30
4
5
31
14
3
12
6
63
35
12
14
33
14
22
14
18
4
17
7
35
6
17
61
5
3
13
9
64
33
9
13
15
46
24
14
12
10
9
30
8
14
7
19
15
7
3
91
30
24
1
8
32
7
7
45
15
22
10
31
50
31
15
3
12
18
31
39
18
19
11
33
19
22
18
6
9
18
31
18
19
21
32
20
8
25
18
16
11
52
25
16
15
37
32
51
5
45
92
32
8
8
17
33
3
5
28
16
30
37
14
36
32
16
20
18
19
74
4
21
9
12
8
7
48
3
24
31
16
20
67
20
26
76
14
10
43
5
6
27
25
21
43
5
23
29
12
12
11
6
40
28
18
36
50
45
27
27
24
60
28
17
28
9
13
12
6
20
8
19
36
17
13
27
10
7
6
29
32
27
5
11
13
23
7
29
13
29
48
15
19
29
31
36
41
19
24
26
13
3
26
11
30
10
32
10
1
53
36
13
24
10
26
20
49
31
27
30
15
21
40
16
7
44
16
31
26
39
8
22
34
16
5
15
39
4
23
17
2
16
65
22
19
40
11
64
9
27
28
32
17
37
37
31
21
38
21
19
10
22
29
17
48
28
13
7
34
36
15
25
98
14
5
24
19
12
32
13
41
20
54
38
18
36
27
14
9
10
28
23
12
16
19
26
21
20
18
17
24
8
33
48
44
18
8
70
43
8
31
75
43
11
38
39
69
18
23
32
18
10
30
16
20
17
43
17
41
25
17
13
65
19
36
6
50
35
19
15
9
31
15
21
14
23
18
16
21
40
34
15
11
46
13
20
19
84
14
8
6
12
16
9
39
19
11
17
17
45
13
44
14
38
7
5
27
4
52
9
22
18
12
5
11
21
36
25
26
34
47
23
10
12
32
11
35
13
21
33
13
17
9
7
48
36
24
7
7
23
25
14
28
6
22
43
14
7
3
34
31
17
19
37
30
3
11
25
11
32
16
11
24
13
31
10
14
9
2
50
38
11
22
14
16
29
13
22
13
11
9
6
10
27
11
26
47
28
21
38
20
11
36
7
25
23
20
41
42
12
19
19
19
10
30
26
6
34
21
9
16
12
9
7
19
8
26
34
9
1
3
28
21
8
39
41
14
13
26
7
42
9
37
23
9
9
24
12
45
37
16
10
20
11
54
20
14
28
17
18
41
27
22
23
12
20
11
29
19
36
31
7
10
16
84
25
9
2
12
36
12
33
12
6
9
25
6
23
15
36
40
8
37
7
17
9
13
13
16
9
30
23
32
24
7
33
38
8
6
4
10
21
15
68
27
10
18
32
18
14
22
17
32
10
7
26
17
7
16
47
14
19
11
33
6
28
24
16
4
18
8
6
10
15
24
44
36
12
16
21
15
73
7
16
9
13
22
15
10
20
26
57
12
37
9
38
12
8
7
19
17
23
42
12
9
13
40
8
31
37
63
11
13
15
32
7
11
16
17
29
6
15
23
40
28
22
26
37
5
66
4
7
31
6
37
37
14
25
6
21
57
38
23
23
5
10
16
8
53
12
7
18
19
31
26
17
24
18
28
10
24
47
10
42
23
33
39
17
13
23
8
27
13
16
7
12
65
20
5
13
27
23
45
33
7
24
13
10
73
31
39
7
18
20
13
8
6
25
37
13
28
23
5
23
16
16
29
20
11
13
7
48
18
30
51
21
12
25
6
12
17
14
20
5
8
46
20
39
17
12
37
29
134
21
18
41
12
12
44
19
17
43
23
32
45
31
11
12
24
18
60
29
53
43
24
48
25
7
14
12
7
15
36
27
30
70
26
27
32
23
14
14
15
42
11
39
12
16
25
13
6
16
10
10
22
12
7
10
27
15
14
7
54
20
34
14
10
27
20
7
34
14
47
41
2
19
16
4
9
17
6
11
24
7
20
29
17
23
40
11
12
61
37
29
30
27
39
16
41
38
8
7
34
11
54
10
10
23
47
30
21
8
52
22
4
10
5
14
38
20
28
7
19
50
29
8
6
4
7
18
48
15
35
53
21
17
40
14
37
10
33
33
66
46
18
114
15
4
9
16
10
26
7
18
14
113
21
22
9
20
15
33
6
7
20
16
30
12
20
24
15
12
1
27
34
37
87
13
5
9
12
19
14
37
28
22
11
18
70
28
26
14
6
17
18
25
21
46
134
43
76
11
26
13
13
32
63
41
12
40
53
9
26
2
24
24
17
15
7
25
21
19
30
32
5
30
17
2
76
23
41
11
10
13
12
29
18
17
8
16
30
32
28
16
35
82
21
17
3
17
11
37
14
14
15
44
10
19
12
29
26
21
22
19
36
7
17
19
45
14
33
9
45
328
29
11
16
17
18
24
14
19
44
23
53
47
16
4
24
10
5
18
45
26
30
24
14
26
7
33
16
28
12
23
10
28
15
6
23
58
40
11
17
20
17
130
15
10
25
14
8
9
10
30
5
30
26
17
19
22
5
18
18
3
9
26
9
15
42
11
29
21
4
42
7
30
22
8
17
22
18
31
17
10
33
14
14
9
45
5
18
14
10
39
19
55
48
12
17
25
18
7
13
9
20
63
10
5
16
46
16
12
5
31
11
33
19
26
10
12
15
21
25
18
12
67
21
38
17
15
16
30
30
74
12
22
45
41
9
13
7
8
20
45
27
43
21
8
21
26
4
22
17
18
10
21
12
20
21
11
26
15
17
19
17
28
26
14
18
14
34
20
23
20
5
25
28
6
26
36
29
43
10
5
4
10
30
28
6
8
8
9
19
28
34
46
35
10
7
29
18
12
13
4
12
37
52
37
86
4
11
9
16
5
18
36
11
20
8
39
33
14
14
31
4
16
13
27
26
20
8
34
33
20
11
7
40
21
3
42
37
9
9
12
12
38
23
42
17
8
24
7
27
68
14
13
10
48
35
30
1
12
7
29
20
10
40
9
59
17
15
53
13
16
34
11
17
20
32
34
16
8
8
28
88
42
7
5
28
9
29
20
29
12
50
12
28
12
12
38
7
28
12
20
21
23
9
22
29
10
13
9
16
42
20
8
27
11
9
19
138
10
21
13
11
16
4
74
37
25
22
8
12
19
19
39
12
27
5
36
13
20
16
9
1
12
5
16
19
43
22
13
21
21
8
22
16
30
4
27
15
10
5
12
61
32
4
38
21
4
11
12
7
34
10
4
5
18
28
27
13
18
16
9
6
41
19
14
35
9
82
11
48
6
39
13
5
22
23
40
41
25
16
8
11
14
10
8
26
24
6
24
12
25
51
21
33
23
38
26
9
20
3
15
15
7
11
25
6
19
26
57
36
19
30
14
47
11
20
30
17
16
14
16
19
18
61
18
32
16
27
10
51
38
27
27
7
13
9
14
27
3
18
11
15
25
146
34
46
17
20
21
22
29
21
14
22
14
18
5
5
5
14
22
27
28
15
11
24
9
3
29
12
41
21
19
17
18
5
27
21
10
14
16
41
18
65
12
20
42
19
9
2
29
25
20
18
18
28
20
58
26
17
12
15
20
12
21
21
52
14
17
17
7
20
15
16
17
7
59
10
47
83
24
43
40
7
16
8
40
35
51
18
13
27
17
14
6
6
18
11
23
4
23
16
35
8
31
24
18
32
16
9
29
26
17
14
5
28
23
17
21
14
22
15
24
31
31
13
10
26
2
6
21
32
5
15
20
37
20
12
17
98
16
31
6
24
17
8
34
5
27
4
13
10
49
30
4
42
58
24
36
5
12
14
22
13
23
3
19
5
17
25
9
14
36
7
39
24
30
9
23
6
28
7
62
32
10
40
22
17
107
17
19
21
13
16
16
10
30
37
10
7
34
20
8
24
70
49
19
16
16
49
19
21
4
68
5
26
3
50
20
19
23
80
15
20
27
17
23
23
9
30
9
72
34
24
11
11
18
27
32
21
20
17
24
9
20
15
31
23
29
38
4
8
19
59
25
21
8
8
7
18
43
15
29
9
7
21
18
26
30
35
27
54
8
12
31
10
13
16
22
21
22
13
17
24
23
30
17
15
11
8
12
17
11
5
26
5
11
16
5
19
12
16
28
8
1
22
30
13
8
32
10
5
82
70
13
25
14
11
12
19
29
16
34
29
39
22
5
11
37
48
10
6
97
27
24
21
27
25
21
22
13
17
8
19
11
13
30
19
12
66
2
31
13
28
29
18
18
6
14
15
36
56
27
25
40
15
14
12
6
16
5
28
12
17
46
7
13
7
28
14
29
20
12
44
36
14
32
13
15
12
25
66
38
22
8
25
37
37
20
10
20
9
14
20
12
12
17
19
15
29
17
7
7
18
39
15
42
8
23
30
14
21
12
37
55
45
35
26
16
11
29
30
9
15
6
22
7
16
92
9
27
17
17
8
10
23
11
3
31
16
10
14
25
22
30
29
13
20
5
14
36
15
8
18
27
20
30
11
10
16
17
12
18
23
44
7
62
14
16
36
15
4
5
19
7
20
10
16
20
25
4
17
10
11
7
13
58
18
15
36
16
35
12
11
20
4
36
23
18
34
8
26
11
12
19
21
20
35
23
48
11
7
15
41
24
22
18
7
8
10
25
33
10
26
21
14
4
7
12
5
22
12
26
24
14
10
11
45
7
61
35
12
36
37
3
25
20
4
19
2
12
19
34
30
19
30
26
39
21
29
22
18
4
24
10
36
27
30
18
21
8
8
57
23
21
15
16
80
102
13
19
9
9
11
22
27
32
9
17
25
19
36
38
8
20
29
10
11
10
9
3
35
28
11
3
7
21
9
21
10
5
11
8
22
18
23
18
31
77
66
38
5
45
35
19
24
52
16
63
25
11
45
6
23
10
16
9
32
64
20
13
21
6
23
7
16
42
28
19
22
71
66
18
10
10
23
19
21
10
23
18
21
14
71
41
11
57
19
35
9
40
13
28
15
15
48
10
22
10
14
19
75
11
23
11
13
50
20
17
21
47
48
4
52
7
3
21
17
8
19
20
24
5
32
9
17
11
5
67
34
37
11
21
17
13
6
12
20
38
7
14
18
19
31
18
14
4
16
8
12
50
46
29
15
26
12
48
25
7
97
25
31
6
28
40
20
36
17
15
14
17
22
54
4
69
5
21
15
9
15
28
16
16
9
70
44
7
39
23
11
8
81
51
25
23
26
19
43
16
35
14
13
36
25
8
16
19
36
14
24
4
6
26
21
27
9
14
18
94
48
12
12
26
43
25
30
14
12
14
7
11
70
14
13
24
11
15
69
88
7
16
28
3
18
6
6
31
39
27
25
17
20
36
17
16
16
36
4
24
12
20
20
8
58
20
35
23
28
11
7
6
8
71
6
7
16
12
11
14
9
19
12
49
5
36
23
14
61
29
9
17
30
6
14
25
12
33
18
24
34
21
20
51
10
18
76
5
14
10
11
26
15
14
15
40
35
25
19
16
35
6
41
19
10
8
34
27
19
18
6
15
18
63
17
9
31
26
15
28
29
26
11
97
34
13
24
19
12
10
10
12
15
11
22
14
4
5
14
28
9
4
38
8
35
15
9
15
12
38
43
19
37
24
7
13
28
28
25
17
13
14
27
19
41
15
14
28
12
8
6
5
21
6
8
21
8
16
10
18
21
24
47
21
15
76
20
26
46
22
20
32
22
6
17
14
1
22
17
10
18
27
31
30
16
106
19
17
25
14
38
29
81
42
16
14
13
3
120
30
25
25
13
7
32
3
26
18
10
17
11
5
7
33
4
9
45
12
14
33
8
27
14
7
5
61
8
11
26
11
22
21
13
79
18
59
9
30
11
6
8
22
21
8
6
16
22
19
29
8
7
15
20
12
18
14
8
30
69
7
13
17
5
37
31
10
9
57
28
11
16
47
39
18
29
30
63
306
40
22
10
19
18
18
21
39
33
14
17
10
13
17
14
60
19
74
19
14
35
23
26
18
32
12
12
10
39
26
18
23
12
31
18
34
19
52
10
23
10
44
13
27
7
15
52
15
9
11
18
12
5
32
23
9
9
15
13
55
40
8
13
8
21
45
9
9
16
63
23
14
65
7
17
25
10
3
17
44
5
17
33
26
31
22
22
12
53
27
12
30
36
22
5
10
14
30
10
33
40
26
38
23
42
23
9
15
15
19
59
43
25
7
9
49
15
17
21
51
5
6
42
16
41
22
6
8
52
19
9
25
12
10
40
72
17
30
20
20
13
6
32
34
7
16
17
26
7
13
7
10
41
11
21
18
10
24
40
56
10
19
5
20
12
26
25
9
20
14
15
15
13
20
18
17
24
5
10
10
9
2
14
38
15
16
25
34
16
40
24
29
30
13
10
46
21
19
10
27
24
50
24
7
26
29
15
27
53
21
71
60
29
14
5
51
19
40
31
28
14
25
12
15
27
26
14
10
9
10
32
13
5
33
40
15
16
10
8
21
11
64
19
24
15
40
19
9
8
5
20
22
11
19
40
23
18
24
15
41
12
10
16
15
24
13
24
10
19
21
9
19
5
18
29
10
8
26
9
57
13
22
29
18
23
23
17
18
12
68
13
14
19
31
26
17
13
42
12
15
11
25
10
29
13
24
7
39
13
37
14
19
18
4
36
62
14
26
29
8
34
18
61
94
40
15
22
13
16
16
10
33
21
33
7
24
12
13
74
14
84
14
21
12
22
41
9
14
14
32
44
11
15
6
41
13
13
14
11
10
12
77
12
23
12
80
19
4
29
6
21
8
33
13
14
15
11
16
27
38
40
7
11
16
34
7
10
38
23
9
15
19
3
24
14
67
19
31
18
29
23
19
16
2
53
10
6
28
7
10
8
23
13
9
13
14
16
21
11
3
41
18
18
43
5
31
34
19
11
22
15
18
21
50
19
22
16
18
8
13
8
14
34
36
34
23
13
26
16
30
25
66
14
15
15
43
19
45
20
35
11
15
11
21
5
14
42
41
13
15
27
12
27
17
24
12
16
31
34
21
17
16
22
30
51
26
52
34
71
13
12
5
10
40
5
12
33
29
23
19
28
91
18
33
25
24
40
23
71
13
4
42
22
14
50
10
7
15
6
23
13
24
37
31
25
29
5
22
44
23
28
11
17
18
46
2
22
32
41
13
5
16
17
13
21
23
60
56
24
25
4
34
4
8
16
15
7
6
38
24
46
23
56
24
13
10
13
9
19
15
33
9
12
4
27
16
21
18
84
24
24
83
18
21
14
22
13
20
56
34
28
14
33
30
12
43
8
30
32
15
40
6
53
25
61
12
12
19
6
39
65
18
33
22
10
7
8
26
10
7
9
42
14
62
15
25
42
56
20
20
10
14
19
31
19
19
26
11
15
37
15
24
25
35
5
6
63
8
15
8
7
40
6
52
45
7
14
47
24
26
30
30
29
24
12
38
81
8
11
2
19
6
48
19
7
16
42
3
20
4
100
40
56
15
10
19
7
24
11
4
39
15
41
8
19
8
13
49
11
42
27
23
46
11
27
15
10
6
23
4
15
15
20
15
9
15
16
5
18
13
8
52
18
16
36
4
35
18
18
15
6
41
53
11
14
14
13
29
19
8
9
25
28
42
16
20
5
10
10
12
42
22
95
67
73
37
20
32
15
18
17
10
22
22
12
27
16
2
10
24
10
20
5
30
13
5
31
11
50
23
22
6
18
27
28
6
22
80
7
42
20
11
53
17
18
95
41
13
28
13
15
32
25
41
14
17
12
18
57
3
22
17
44
38
6
8
11
48
118
51
32
38
26
4
12
32
42
18
38
24
33
121
10
25
18
6
9
51
17
17
16
11
63
21
20
44
16
28
9
27
21
14
52
7
52
10
9
21
9
17
5
29
23
16
7
4
58
7
20
21
21
17
8
40
3
8
44
17
44
9
75
21
12
15
7
19
74
16
17
2
15
27
120
20
20
21
6
25
17
18
63
30
51
35
15
18
12
28
22
62
26
20
10
19
65
41
30
23
10
15
37
61
24
27
6
25
30
20
104
29
36
11
26
28
46
11
14
12
21
46
15
35
19
27
19
34
27
21
33
11
42
22
12
17
21
27
19
12
42
22
7
23
24
15
6
56
34
25
5
13
35
67
30
56
27
3
17
3
11
30
21
29
14
69
43
19
29
8
32
13
23
24
28
5
24
20
88
5
22
31
47
17
18
7
26
10
46
32
13
11
11
13
4
28
7
38
21
38
56
6
12
7
38
75
15
14
21
16
35
69
12
62
6
40
64
39
9
26
15
32
23
39
14
12
17
20
12
6
15
21
13
10
11
23
14
16
15
33
7
24
61
40
16
50
46
21
6
21
5
7
27
8
18
12
113
14
18
15
28
15
8
31
16
8
5
17
15
31
18
8
9
68
14
13
5
11
20
22
30
13
11
4
26
10
17
9
32
33
6
6
6
11
8
7
10
30
7
21
17
16
10
16
15
25
36
11
12
10
7
19
17
22
35
68
22
39
10
19
20
22
19
11
15
12
17
12
21
48
32
13
8
22
27
11
12
15
30
8
28
14
20
40
8
23
8
20
16
34
119
21
14
11
3
10
15
18
28
6
20
29
40
20
15
7
8
4
4
24
17
49
9
18
25
14
18
11
8
73
19
20
39
48
29
24
21
19
6
68
43
20
71
20
21
11
