13
21
43
25
18
21
49
32
20
27
24
23
23
16
27
18
25
28
42
44
32
30
22
19
42
27
25
27
18
16
31
45
21
40
27
34
35
18
37
28
11
17
14
34
23
44
18
21
18
35
38
27
33
12
12
36
25
13
25
18
27
45
22
21
20
22
30
21
14
30
26
41
10
32
49
31
28
28
35
34
14
19
15
34
30
16
26
35
45
44
29
23
13
40
41
32
35
16
39
34
22
23
16
28
36
18
27
42
36
23
35
21
19
21
23
20
11
57
45
15
19
27
21
35
35
26
19
36
16
42
29
18
18
24
21
28
43
22
40
30
12
9
14
10
23
48
34
19
23
12
17
28
29
14
16
14
14
29
14
27
26
25
35
21
34
36
28
43
41
25
24
17
24
29
32
21
37
13
21
23
30
10
21
25
19
32
33
35
37
24
49
20
32
36
24
29
23
42
28
43
26
20
33
29
29
34
23
29
20
14
13
33
30
35
39
19
40
33
31
36
36
21
18
21
40
28
25
22
19
13
26
61
32
22
34
43
32
19
30
60
34
19
24
23
29
20
21
36
36
43
16
18
18
18
21
23
22
40
14
16
30
27
41
41
38
25
27
20
34
19
42
26
27
34
33
24
37
30
27
32
36
24
38
43
23
33
41
42
12
27
16
36
26
22
27
32
14
22
19
18
13
25
13
16
25
22
11
21
29
29
25
32
15
30
33
42
40
20
16
26
17
23
49
26
49
24
16
30
46
18
28
32
36
16
31
36
25
23
20
32
18
15
38
21
27
33
28
31
12
36
25
35
23
40
23
18
17
19
15
22
33
29
30
45
31
18
28
19
22
28
26
22
13
20
48
37
32
9
32
26
47
26
33
20
34
32
27
15
38
5
42
19
21
25
24
20
45
47
14
31
28
27
30
15
18
17
28
39
25
32
11
12
27
13
46
32
13
25
25
28
56
24
25
29
29
23
7
35
27
28
31
27
22
34
18
30
24
23
30
17
38
26
11
30
42
11
46
22
13
32
8
21
26
18
13
50
22
15
21
8
24
16
17
32
29
49
27
39
51
29
21
22
40
27
41
25
19
34
30
22
27
19
14
31
18
36
36
7
18
16
24
36
28
44
28
27
33
16
35
31
55
18
18
12
25
33
22
22
15
28
26
20
52
43
26
21
19
19
58
20
16
34
15
17
32
23
33
24
15
47
27
25
32
17
28
19
31
42
55
13
40
28
45
32
22
20
15
22
15
20
15
25
37
22
20
28
42
34
29
26
27
30
20
59
23
25
44
29
11
20
26
26
10
32
24
35
42
21
21
36
20
30
25
24
17
37
36
29
26
15
29
26
12
11
22
17
38
30
31
29
25
41
24
30
18
21
29
27
41
31
41
20
23
21
48
39
23
22
42
48
28
12
35
22
21
30
26
17
24
19
20
27
33
24
21
25
23
22
22
20
16
22
21
57
29
23
15
47
22
22
17
14
41
26
43
43
31
15
32
25
6
32
28
34
27
33
40
16
33
35
25
10
20
19
11
28
31
8
19
16
22
25
45
12
19
35
30
18
32
33
28
35
29
34
19
29
25
28
28
18
25
46
48
30
39
19
28
28
23
14
24
24
13
12
23
31
37
33
33
36
22
34
18
37
24
18
10
20
21
41
18
21
35
28
21
19
25
76
14
24
30
31
21
14
36
30
26
15
26
15
17
17
25
19
13
10
20
28
33
19
31
16
17
26
17
26
21
16
28
25
24
40
10
49
33
20
14
25
39
21
21
17
35
34
25
31
31
26
25
17
29
22
23
13
18
26
29
20
19
13
45
23
21
19
21
43
43
28
25
50
35
50
24
19
55
18
44
19
36
18
31
37
26
43
34
15
23
17
15
33
40
28
10
66
19
16
18
21
34
40
33
23
31
38
23
17
22
19
31
26
29
20
26
37
32
14
18
34
21
32
25
47
29
26
24
33
21
23
39
15
35
16
26
13
14
24
28
34
48
27
29
24
17
24
37
19
11
29
34
30
16
50
33
35
29
50
20
22
12
34
23
32
27
13
45
16
39
45
16
18
40
22
35
31
24
26
33
26
40
19
25
25
26
29
34
59
10
48
17
15
18
31
16
37
28
36
36
25
18
26
32
24
27
35
37
29
37
22
12
20
15
35
21
14
28
20
43
18
19
34
24
26
17
21
28
30
27
35
37
21
37
24
23
22
27
29
33
40
19
66
39
10
43
25
25
41
17
37
27
26
12
20
27
13
38
19
28
39
26
24
30
29
23
52
29
20
14
35
19
34
17
40
21
19
30
26
42
23
28
31
15
17
22
21
21
21
31
25
13
18
30
18
45
28
36
17
34
15
28
33
23
9
13
16
22
32
22
37
25
21
35
23
25
33
35
26
27
28
32
12
24
30
22
27
38
20
26
16
20
49
23
13
22
13
29
51
20
34
18
25
33
36
27
19
26
25
18
34
32
44
20
16
26
23
30
34
15
32
24
20
21
19
42
16
26
29
14
23
34
21
15
13
24
19
50
33
33
29
26
24
32
35
33
30
19
34
31
36
30
18
21
9
19
22
15
21
29
15
24
27
15
16
19
19
25
31
11
38
34
32
14
30
24
23
21
28
13
39
25
12
29
19
20
16
25
29
12
44
29
34
25
25
21
28
23
20
29
34
23
18
23
19
11
18
34
31
19
33
35
52
21
36
17
25
26
36
38
25
27
19
19
36
11
30
30
42
43
35
16
17
31
29
21
27
30
16
22
26
40
38
17
26
25
26
34
30
21
35
30
15
37
24
18
28
15
25
29
30
32
24
20
45
14
24
25
5
33
25
34
40
33
18
13
15
29
34
27
21
49
26
12
43
35
20
40
22
37
36
27
16
10
29
30
41
37
35
34
19
43
20
25
22
33
19
13
21
28
25
37
29
29
32
15
34
19
26
29
14
16
25
32
12
18
21
20
12
32
31
17
24
47
17
19
29
40
21
15
32
23
19
35
24
27
22
11
10
46
26
17
34
30
24
26
17
47
19
13
25
42
31
33
22
18
22
41
22
15
23
30
47
14
21
22
18
20
28
20
24
36
33
9
23
15
15
31
30
38
12
31
19
32
19
19
13
56
25
36
31
30
36
17
20
20
23
36
29
31
17
19
19
31
26
44
27
23
26
44
8
25
25
20
27
20
13
11
28
32
26
31
30
23
21
23
32
35
29
27
49
17
24
52
19
29
30
20
33
28
17
12
28
24
10
26
17
17
37
21
30
27
39
17
17
20
40
29
26
10
33
33
23
24
38
25
24
22
41
30
39
14
23
16
31
11
27
25
18
30
20
21
52
35
25
21
16
16
26
22
16
34
21
30
34
23
31
23
23
18
23
11
21
31
35
33
23
27
32
17
42
45
22
24
15
22
43
14
14
26
29
26
45
30
39
30
34
44
44
24
40
23
21
44
22
36
21
27
39
22
20
25
22
34
35
34
27
25
13
26
13
28
31
33
23
37
13
25
14
16
21
16
20
37
19
44
20
14
34
33
15
23
24
18
28
31
23
41
36
41
39
27
24
16
49
33
14
23
24
20
15
40
21
18
18
23
18
21
12
14
24
33
25
26
27
38
17
12
26
29
31
17
30
26
18
43
23
36
29
43
16
36
21
29
24
23
36
27
35
15
32
17
15
33
27
19
30
16
21
36
18
17
23
26
42
20
18
31
36
32
25
34
43
34
15
30
23
27
16
22
21
19
39
26
23
14
35
13
13
23
34
19
22
19
26
29
32
19
16
15
34
36
11
17
28
47
29
19
37
23
39
46
15
18
17
22
22
49
25
19
13
10
31
18
38
30
28
31
22
34
20
22
20
36
37
33
30
20
12
48
21
19
8
24
32
36
23
38
25
24
37
19
24
23
27
26
25
19
18
27
16
28
19
34
30
24
34
29
13
27
27
30
11
10
17
22
33
54
36
16
30
32
16
31
41
43
15
21
26
22
22
25
13
34
10
31
19
23
19
25
22
26
37
15
33
10
21
21
22
16
20
38
27
25
14
15
20
35
25
37
18
50
17
20
38
22
15
17
23
19
20
27
32
50
23
24
42
14
31
27
18
32
22
23
25
29
15
23
29
29
29
30
25
30
14
26
26
35
28
21
30
22
26
23
49
13
30
32
57
32
31
18
42
33
21
15
11
41
22
19
28
17
12
44
16
32
28
19
36
20
23
32
29
37
33
23
23
24
19
7
8
41
33
22
21
47
19
14
26
22
27
25
35
23
29
36
37
30
23
30
45
22
7
24
13
30
37
24
8
8
25
25
35
24
19
47
12
22
26
12
17
38
28
45
27
27
27
20
45
19
30
13
14
23
27
15
24
52
25
20
20
18
50
27
27
41
29
35
15
21
32
12
27
34
21
19
14
21
21
31
19
21
15
21
29
39
23
21
15
22
14
26
19
37
22
45
50
19
36
23
10
29
28
17
20
41
35
32
24
17
27
19
18
27
24
25
14
40
22
15
34
17
15
40
37
40
39
12
49
26
22
25
27
25
26
46
20
30
19
16
16
24
33
21
22
40
32
22
42
21
36
25
33
28
13
29
25
24
35
22
20
22
21
27
26
21
31
36
27
23
28
32
9
29
12
19
27
32
19
28
15
13
15
43
27
42
36
49
21
26
22
30
16
15
20
15
25
31
33
13
37
13
22
31
30
19
30
12
27
19
31
17
36
32
21
25
45
12
19
41
31
19
22
25
49
42
18
24
14
29
37
36
21
18
28
9
25
41
37
23
36
24
16
21
36
45
9
30
29
44
24
36
32
23
49
32
17
30
37
25
36
16
27
26
32
14
36
30
14
37
31
19
34
27
20
39
19
24
20
23
28
34
19
29
37
19
31
28
29
22
34
23
20
66
36
32
35
36
33
29
27
42
17
7
8
45
34
19
22
45
14
30
26
42
22
31
19
12
16
27
26
40
12
24
41
14
13
33
33
15
17
17
26
36
32
26
26
30
28
21
21
20
18
45
22
26
14
20
49
34
24
12
23
29
21
35
23
21
20
17
20
11
28
32
35
35
18
24
32
46
42
14
21
18
11
17
16
34
30
38
22
25
29
29
7
19
29
34
30
35
7
17
21
28
26
42
28
27
28
20
19
25
17
38
42
21
19
32
38
32
22
15
43
21
17
23
45
19
31
22
27
21
14
20
24
13
33
15
35
21
25
51
16
34
18
11
28
44
14
23
