24
22
39
20
22
12
17
26
36
28
37
24
16
27
24
17
42
35
19
16
27
12
24
14
19
39
39
36
28
27
18
33
34
34
51
26
19
18
28
32
25
30
26
46
18
41
32
32
29
16
25
14
34
37
57
10
14
18
28
39
36
19
31
57
14
26
36
27
36
22
19
18
33
35
56
23
23
25
20
23
15
27
38
25
18
41
18
20
28
22
44
31
31
36
19
34
28
33
15
34
19
27
21
18
22
38
14
19
18
21
16
23
27
24
29
23
23
30
23
17
46
33
24
24
24
22
24
14
12
21
28
44
20
34
22
19
57
23
21
12
34
21
44
25
28
36
19
26
21
8
29
26
17
33
19
21
19
18
31
26
39
50
28
21
13
21
26
22
30
32
17
35
23
42
35
25
19
33
21
27
30
42
38
19
32
33
24
31
18
24
25
35
34
25
40
37
29
17
14
20
23
21
17
17
24
23
18
23
43
17
33
38
33
31
31
31
30
15
36
38
50
25
6
21
34
33
31
18
18
19
15
19
13
15
15
35
25
28
22
17
48
29
32
31
25
16
36
29
25
21
35
13
26
23
27
48
38
19
31
22
25
7
46
18
36
25
18
23
18
37
41
18
19
23
25
22
54
30
51
30
17
39
18
33
26
35
20
37
53
17
22
27
27
23
19
21
22
32
21
25
25
50
32
38
39
30
13
46
36
40
20
16
28
20
31
25
13
33
34
28
23
22
50
20
22
26
21
23
31
33
26
23
34
24
15
26
27
22
25
16
22
30
30
33
17
25
34
38
33
32
13
18
26
31
16
14
21
22
20
17
16
33
62
28
22
16
30
24
37
48
29
20
26
10
33
31
24
20
19
3
28
30
24
17
19
36
16
23
24
31
37
36
31
22
17
28
41
13
49
27
17
11
14
19
30
27
56
20
24
25
7
43
14
43
21
21
36
25
58
41
31
9
28
22
46
26
17
12
20
22
50
26
46
13
45
13
21
19
12
19
42
40
35
27
22
23
37
20
42
34
16
41
18
27
11
24
16
28
26
10
22
33
19
26
36
24
35
22
40
31
31
29
17
27
23
21
19
35
21
35
27
23
37
25
22
17
17
26
18
32
35
18
34
20
23
42
34
31
23
24
40
38
15
27
22
26
24
15
23
29
22
20
23
25
63
40
35
27
35
30
32
38
41
44
19
40
39
52
23
30
26
31
16
20
37
26
24
24
21
17
35
25
34
24
39
12
20
49
14
27
22
29
27
26
21
17
31
28
22
29
33
28
38
17
15
29
24
34
21
16
18
16
26
27
25
13
29
20
20
24
37
19
16
25
30
36
27
17
12
32
20
39
54
27
16
52
27
24
31
28
36
29
26
30
33
29
20
19
19
27
14
25
30
12
32
32
14
28
23
15
22
58
23
14
32
35
21
32
35
14
31
28
27
42
25
27
15
27
34
18
23
22
29
32
21
13
30
18
26
38
36
55
23
26
21
37
29
32
12
30
20
26
28
21
18
31
32
31
11
32
23
33
33
16
24
25
24
12
30
14
21
55
17
15
19
27
34
28
17
20
23
12
13
55
11
31
33
25
50
27
22
24
32
20
6
34
31
28
24
25
31
35
20
30
20
36
32
28
11
33
15
37
29
28
25
12
32
25
23
26
22
8
23
39
32
26
51
20
37
36
21
24
15
31
22
22
31
33
25
31
10
23
29
25
26
23
16
28
32
26
22
24
23
30
20
27
45
26
40
27
19
18
18
20
34
23
24
26
32
28
35
32
36
42
20
18
41
28
19
26
45
16
19
30
32
36
11
20
18
23
20
29
18
29
38
20
22
32
31
39
22
25
15
15
34
39
28
27
29
44
20
31
25
29
23
25
25
16
19
15
17
26
36
29
39
20
37
15
31
21
37
31
30
33
7
31
21
23
26
25
47
43
60
41
22
20
26
25
15
12
38
27
43
22
23
29
22
36
43
17
16
16
28
28
28
19
30
32
19
31
13
42
29
34
12
32
15
38
11
27
20
20
31
25
35
23
51
19
31
23
17
26
25
23
34
29
23
28
10
8
22
30
20
29
20
20
38
18
10
27
22
19
17
48
16
42
16
19
41
35
17
36
36
35
19
37
38
38
25
29
26
16
12
53
31
43
21
56
23
29
27
32
31
29
21
19
22
24
47
13
15
39
21
22
24
25
22
25
48
45
32
24
23
29
47
16
34
26
29
23
36
16
33
44
48
20
33
15
16
24
56
22
28
37
50
22
19
23
41
17
15
42
10
21
31
36
26
19
26
32
16
15
34
14
22
31
26
36
24
32
49
12
40
19
37
29
43
27
25
44
12
32
29
15
22
31
55
45
16
26
35
17
11
25
23
26
27
23
19
19
17
29
48
36
27
14
18
13
14
43
24
33
23
23
21
37
16
37
22
30
30
28
17
34
32
36
31
25
21
11
15
31
20
35
39
31
55
24
38
55
28
19
20
19
23
18
12
26
50
36
26
22
27
17
15
20
30
30
23
25
21
8
21
43
31
31
17
25
30
18
25
52
22
16
14
42
25
24
33
24
24
35
16
14
14
31
27
16
46
25
42
25
22
19
12
25
23
18
34
37
13
37
24
37
21
25
38
34
21
22
24
26
28
17
37
41
26
9
24
26
12
35
24
55
34
18
11
33
32
30
30
26
24
24
17
31
29
26
18
43
31
24
37
24
36
22
17
27
11
31
28
29
23
9
33
21
10
21
26
23
27
35
14
26
24
19
24
32
34
25
30
29
18
30
18
29
19
23
18
18
26
27
15
42
21
31
31
32
28
34
11
35
35
28
13
29
37
35
17
18
37
21
39
30
12
39
32
18
21
15
24
13
33
36
20
17
24
33
19
24
31
21
36
12
22
41
28
24
18
22
31
26
20
26
43
23
21
18
38
32
15
31
23
39
38
22
23
19
13
51
16
45
29
26
15
14
18
29
14
16
23
20
26
18
38
11
16
23
21
24
47
34
26
28
19
14
29
31
19
19
20
30
33
26
35
12
16
14
22
39
19
17
45
15
45
32
36
22
18
25
26
29
28
22
23
31
14
12
36
34
24
28
37
22
23
28
24
31
11
34
30
39
19
22
11
39
21
50
35
35
13
36
38
13
29
35
25
17
17
30
32
41
36
24
45
22
24
46
22
31
21
37
23
46
24
32
35
23
13
34
22
23
20
21
30
18
38
33
46
22
13
26
24
24
30
21
30
35
30
21
41
25
23
35
16
34
18
26
25
37
27
18
25
27
38
12
18
12
17
22
22
26
15
18
32
19
24
35
29
12
20
45
21
21
36
26
20
21
22
23
34
42
37
25
40
14
15
43
21
22
23
21
17
14
43
34
27
22
12
30
21
32
29
26
13
18
31
19
37
29
25
25
23
18
28
37
24
8
16
37
40
28
26
34
31
29
26
22
21
35
25
30
29
19
46
31
37
39
35
38
26
14
19
32
21
30
32
31
36
33
30
29
42
30
17
16
38
38
20
55
22
13
15
29
24
20
33
12
27
31
19
29
34
18
32
22
22
27
37
26
25
19
21
24
14
16
26
21
21
31
21
32
45
31
21
36
18
20
28
27
21
40
16
22
31
17
13
38
37
19
31
34
17
34
17
22
28
15
43
19
32
42
34
45
29
22
27
23
23
16
19
31
28
19
14
23
31
20
14
24
22
10
21
25
23
15
31
18
25
24
18
16
30
37
37
32
22
21
19
33
24
11
50
23
68
18
27
26
14
26
49
18
34
47
19
17
24
44
32
21
37
21
25
14
40
13
30
19
35
24
21
19
20
37
32
13
23
21
49
36
54
25
26
22
11
18
13
24
26
18
29
49
22
37
23
11
32
51
26
20
12
26
14
23
27
15
32
19
20
11
36
22
22
22
41
30
24
38
40
30
45
21
26
48
17
28
16
24
17
10
12
29
28
20
13
21
28
35
14
35
17
15
25
19
29
13
37
50
30
29
17
20
30
17
26
37
42
18
31
27
28
15
13
14
28
43
26
25
31
24
49
31
29
35
24
16
21
17
17
25
42
22
22
18
26
16
13
29
23
14
21
21
17
17
21
21
21
39
14
36
20
27
42
28
27
22
16
37
18
27
22
26
38
17
23
24
34
16
44
37
26
19
55
29
23
34
24
31
15
25
10
40
35
17
31
23
28
27
28
21
16
41
15
15
27
27
23
26
25
36
42
36
26
24
29
17
18
20
28
22
31
21
22
41
16
37
36
15
32
21
31
25
42
24
25
19
18
31
26
10
25
29
31
32
21
31
41
13
34
14
15
36
25
49
21
13
20
26
21
19
25
18
21
30
44
21
16
17
18
41
25
31
20
23
27
39
25
21
12
26
33
35
36
22
20
38
27
13
24
28
28
14
24
23
31
32
33
15
23
31
16
20
12
24
12
31
24
21
39
19
19
32
21
22
22
9
37
15
36
19
29
18
28
30
30
24
19
12
37
23
26
33
27
35
35
36
27
13
17
29
20
29
27
23
18
29
30
21
47
25
23
34
19
28
24
44
51
19
38
26
18
31
8
29
26
15
35
15
27
37
18
42
37
44
19
31
7
33
41
42
16
21
35
43
16
27
30
10
28
17
13
13
20
35
24
39
18
22
29
19
32
29
34
45
22
30
30
32
18
28
59
39
23
22
18
32
42
19
24
18
16
22
28
18
25
18
26
26
49
20
35
26
50
24
23
35
43
28
24
28
13
39
14
31
29
34
19
44
15
11
40
17
40
45
24
48
31
32
34
25
7
39
23
45
26
56
33
30
15
13
23
33
18
28
22
18
30
29
21
40
34
11
15
44
15
22
24
42
33
16
28
17
25
20
24
19
29
31
31
32
47
38
16
15
44
18
19
15
21
26
22
17
21
16
16
40
28
34
40
21
38
23
23
33
43
38
58
21
22
33
24
31
26
10
11
15
35
19
24
25
19
26
44
23
34
14
20
23
21
21
26
44
41
45
8
23
16
34
19
23
16
28
34
25
40
27
42
19
17
24
27
21
17
24
19
49
37
31
29
25
33
14
20
26
26
28
26
11
50
15
32
16
34
14
25
25
24
29
40
49
38
16
21
33
12
28
35
31
46
19
33
43
31
18
19
32
22
27
19
35
42
13
14
12
20
22
25
28
41
40
15
31
31
27
10
36
43
17
25
18
31
29
20
28
35
25
14
22
16
