38
40
20
14
38
35
24
34
2
18
36
44
20
19
24
17
20
24
25
19
22
40
16
18
22
11
20
21
29
28
10
31
16
10
29
29
20
29
22
16
29
28
21
28
21
22
27
25
24
38
33
19
34
18
22
41
11
21
23
23
25
31
27
32
40
23
41
27
24
24
26
14
26
30
30
34
27
14
19
34
42
31
26
18
18
34
28
23
18
20
21
27
28
31
27
10
34
20
18
9
18
20
36
21
32
23
44
31
20
32
37
34
23
28
24
37
16
27
31
30
25
7
19
30
49
27
36
30
25
18
39
17
24
36
30
35
27
16
17
31
23
42
43
33
30
26
18
34
36
45
22
35
18
43
33
18
22
32
4
17
26
36
35
16
36
17
29
40
43
44
33
17
11
17
18
26
19
22
15
35
40
24
3
37
12
45
21
22
12
27
22
14
31
39
22
20
34
18
47
25
34
36
37
16
23
43
32
33
51
25
15
26
14
20
34
17
21
29
32
33
5
48
25
33
28
35
40
42
13
22
19
26
32
17
19
31
30
20
16
39
47
32
16
33
20
18
26
22
24
39
36
30
14
21
39
36
14
27
35
17
32
32
21
28
24
38
21
22
32
24
24
7
35
32
30
36
20
15
29
22
23
24
35
24
33
33
34
29
34
24
31
34
32
26
8
11
37
36
34
22
40
28
29
27
30
30
17
31
33
36
28
27
28
18
28
31
15
25
19
27
27
30
15
22
23
26
20
16
11
13
19
34
13
20
36
34
35
16
21
22
34
35
46
20
16
24
14
24
24
37
22
22
17
33
27
18
26
24
19
6
24
24
14
29
30
21
33
32
27
36
31
24
27
37
15
37
18
31
21
38
30
24
25
31
20
15
33
21
40
23
25
26
30
27
36
16
22
42
37
32
29
15
33
27
26
47
18
30
31
36
33
28
24
29
31
36
30
37
22
23
40
45
25
41
25
14
25
33
32
25
21
38
22
13
23
26
21
31
23
31
37
34
22
18
16
17
29
28
27
9
28
16
39
32
39
11
24
28
18
32
24
30
34
34
20
24
9
15
35
24
32
22
29
26
14
42
41
15
23
17
21
16
38
13
27
26
23
14
29
25
15
29
10
35
27
19
29
24
19
22
24
21
32
9
27
29
22
32
39
37
30
32
25
25
26
29
29
30
44
31
19
16
34
29
19
31
24
32
23
29
17
23
42
30
18
30
23
12
21
44
27
10
25
20
34
26
37
28
34
37
29
21
21
18
15
28
22
22
15
12
27
21
38
18
27
27
39
21
29
31
34
27
37
29
27
14
20
44
14
35
35
27
34
20
35
19
18
23
37
29
36
29
19
16
30
30
38
23
17
21
15
30
22
25
24
30
24
29
34
53
46
19
45
31
30
34
28
17
34
30
30
40
25
22
11
36
27
10
16
19
17
16
31
30
37
33
36
30
19
8
44
28
29
29
22
33
23
25
24
32
29
28
34
22
34
36
36
40
37
26
38
29
44
15
36
26
18
36
20
25
30
37
23
15
31
43
18
29
22
15
45
20
32
34
10
20
23
26
34
29
29
19
31
15
42
41
18
23
31
35
21
17
41
28
29
18
32
8
22
27
38
34
32
23
28
28
12
25
25
11
22
25
18
22
25
39
16
36
5
30
14
23
35
20
26
27
28
25
23
39
35
35
34
11
26
13
28
21
30
36
29
40
20
26
19
24
18
32
19
14
29
15
17
29
23
41
32
28
25
27
31
25
25
21
16
29
22
36
43
20
26
39
39
17
27
39
22
17
32
47
26
33
29
8
28
32
19
13
20
21
23
32
26
33
29
26
18
33
16
29
32
33
26
35
22
37
14
28
34
39
27
17
26
19
16
50
23
22
48
30
19
23
38
20
27
12
31
25
30
36
30
38
33
18
23
29
32
15
44
39
28
31
46
15
27
21
26
26
31
9
14
35
20
31
43
28
42
28
36
19
28
27
24
30
29
10
17
51
17
35
24
18
25
30
29
30
36
32
37
13
19
27
41
29
29
38
17
26
18
35
16
27
20
12
17
14
39
20
32
12
20
36
35
40
22
27
31
26
43
17
30
33
31
15
24
19
26
34
33
53
26
18
26
20
25
17
32
18
25
34
21
41
34
32
32
31
36
11
23
23
4
28
35
27
24
26
40
26
39
38
17
13
17
38
30
22
28
36
30
22
49
20
33
29
8
32
21
34
22
43
18
24
30
26
17
27
22
29
23
29
32
10
26
35
24
36
34
37
23
29
20
18
31
25
28
9
42
20
24
39
21
27
33
21
21
29
14
35
30
20
19
21
17
35
32
25
14
38
18
29
18
20
26
18
24
41
31
39
28
27
35
17
14
30
29
33
17
27
25
34
31
30
32
33
26
12
24
25
28
31
33
43
13
18
30
29
23
35
19
23
26
38
34
17
29
16
37
32
30
27
29
34
17
32
22
19
31
34
22
15
39
34
23
41
11
27
21
40
31
42
25
33
35
18
52
23
22
16
38
20
16
32
33
36
22
18
28
20
21
30
36
27
23
29
42
26
25
20
31
39
31
28
30
14
21
22
25
11
24
25
26
14
21
31
25
25
11
31
19
31
34
15
15
13
32
35
25
21
29
30
24
30
50
35
27
20
13
29
34
32
29
30
32
20
31
28
33
15
24
35
29
33
26
33
26
6
28
18
21
25
29
26
24
27
50
35
23
20
38
29
19
38
23
23
28
23
45
33
3
19
28
35
25
28
33
20
46
34
18
24
23
34
27
44
37
19
33
30
29
33
14
26
28
26
30
15
35
36
14
26
31
50
5
34
33
22
20
37
27
21
35
46
38
27
14
43
29
32
20
45
28
35
20
28
25
17
27
18
27
23
33
19
29
24
24
7
31
33
24
11
15
43
28
0
18
38
43
33
26
40
30
41
25
15
16
38
6
29
22
30
19
27
41
27
28
26
3
19
28
26
23
28
15
16
30
14
22
14
30
13
33
20
21
13
15
40
28
16
28
12
18
10
34
26
24
22
24
38
46
36
16
38
44
30
29
27
24
16
22
29
11
32
16
36
29
44
13
26
46
17
24
31
17
34
21
21
26
19
26
12
35
23
32
28
25
19
13
16
17
27
37
33
9
29
23
35
29
32
22
18
24
36
44
25
38
20
39
31
17
28
19
34
32
18
27
19
32
16
-3
25
30
16
25
36
31
12
28
35
28
35
26
27
16
34
36
38
38
26
21
5
32
24
32
30
27
26
18
23
19
37
17
25
16
19
19
29
26
29
30
28
24
11
14
23
24
14
31
26
33
38
25
30
11
27
26
41
45
19
28
21
15
12
27
13
27
38
21
43
34
28
19
26
27
16
15
31
28
32
23
25
18
26
46
42
23
29
25
21
25
18
44
27
42
25
27
27
26
45
37
16
36
21
27
47
13
14
35
26
24
32
18
33
26
27
18
26
15
29
30
26
31
11
17
29
40
25
34
29
36
35
30
17
38
39
32
42
35
29
31
25
36
22
13
31
24
14
36
20
24
20
23
33
24
30
20
16
37
18
32
18
27
30
28
21
30
26
24
21
17
15
29
12
25
21
34
24
29
32
33
19
28
33
22
20
23
31
14
31
21
37
29
30
21
21
27
27
36
29
8
29
26
29
15
38
35
18
10
21
18
28
28
36
29
29
18
31
22
25
38
9
27
26
20
20
14
20
35
15
26
39
9
37
24
30
38
28
15
26
25
22
19
31
31
14
20
25
37
35
35
28
37
23
13
33
30
46
36
38
25
27
22
12
42
43
33
35
19
32
30
26
18
13
22
21
48
22
52
11
35
29
28
33
16
31
38
32
26
41
32
18
18
29
38
40
32
23
40
27
33
36
38
28
19
22
11
44
36
26
21
16
27
20
25
24
40
36
30
35
29
25
27
23
11
24
19
32
19
22
27
37
40
19
39
34
16
20
6
21
29
36
24
23
41
32
19
17
18
28
54
30
33
36
26
27
24
28
27
22
27
31
25
28
29
23
33
18
33
25
29
25
20
29
39
38
39
34
23
45
15
50
27
30
29
14
25
19
15
22
47
38
22
42
24
16
15
29
35
12
19
29
16
28
16
17
14
30
35
13
17
27
32
25
21
28
23
17
22
39
43
26
35
33
48
12
32
40
33
23
34
31
26
17
34
45
27
37
23
26
41
32
31
9
29
25
37
22
38
27
3
36
31
22
32
26
40
25
29
11
17
30
35
32
23
40
30
29
33
18
19
20
34
45
14
24
14
26
34
24
38
33
34
23
27
21
28
26
28
37
19
35
22
12
19
21
18
26
31
24
31
28
28
40
34
33
23
23
27
25
13
24
26
18
39
16
31
27
29
26
6
29
15
21
39
30
26
17
40
39
27
22
38
28
18
27
31
33
12
29
24
29
40
34
23
33
25
24
15
39
35
35
42
28
39
38
20
18
39
41
41
37
22
29
39
19
18
31
16
32
6
31
35
35
30
25
31
25
24
24
33
31
27
21
36
30
37
23
27
32
30
33
18
35
19
33
8
17
31
26
37
27
23
32
25
20
39
21
21
14
11
22
24
21
34
24
13
27
30
24
23
27
9
30
36
28
29
21
42
32
30
26
34
35
37
23
29
21
22
27
15
27
23
27
18
14
36
21
25
26
25
38
27
33
10
13
24
20
39
28
37
26
19
35
7
39
33
32
22
18
31
31
29
39
21
26
8
18
42
17
30
19
31
30
17
42
40
30
35
15
26
31
28
28
30
26
28
30
24
11
16
30
39
45
29
22
31
37
42
25
35
24
9
21
30
31
29
32
13
36
21
23
22
42
35
36
25
30
35
8
34
21
24
33
14
19
24
20
32
26
39
17
24
32
20
30
37
37
15
49
34
33
21
32
46
21
49
23
35
17
37
41
24
32
30
31
28
34
20
24
30
25
39
22
17
23
14
26
29
5
38
25
24
32
41
35
23
37
17
42
34
28
43
26
16
38
33
26
24
22
16
36
33
17
33
25
23
36
38
22
33
19
15
23
31
17
13
34
43
24
37
27
28
22
13
24
28
28
29
24
31
18
7
21
28
40
37
29
25
23
34
36
29
15
23
26
21
14
23
26
31
13
32
30
21
26
24
23
32
44
35
24
27
24
35
21
18
29
35
20
36
24
33
39
25
29
31
28
34
20
28
2
17
9
35
25
20
13
30
28
27
