17
21
6
16
29
36
24
23
21
21
27
19
46
29
28
22
19
25
42
17
31
29
18
15
39
43
33
14
32
35
31
33
38
31
17
15
21
21
16
27
29
34
17
22
23
20
34
22
35
32
1
24
35
30
33
50
23
31
13
13
34
30
16
24
28
31
26
19
49
35
26
31
33
27
25
24
26
29
30
31
20
8
43
33
20
32
29
35
18
14
23
16
35
24
23
15
8
42
29
19
25
27
33
36
17
33
31
32
35
30
31
22
28
27
15
31
40
24
51
43
28
33
24
29
22
29
19
31
13
23
24
40
33
19
48
42
34
40
32
9
27
35
38
14
24
26
19
34
25
25
40
36
25
20
23
27
25
32
28
31
28
31
24
14
27
33
33
21
27
17
27
33
13
28
32
25
22
16
33
30
31
27
26
19
16
25
22
34
31
23
32
25
15
31
18
35
33
11
38
31
16
23
20
17
27
28
27
23
20
13
16
25
34
16
34
37
26
18
31
38
21
22
32
30
23
32
27
26
20
28
25
41
29
45
29
30
41
36
19
25
34
38
21
25
28
28
26
25
8
31
21
35
19
51
16
35
22
37
34
5
6
39
13
44
20
25
21
24
20
17
20
28
21
23
31
23
32
33
18
38
29
35
27
28
29
34
26
35
11
41
34
30
41
17
15
15
22
30
14
24
54
13
22
17
34
41
17
24
19
27
28
36
32
18
36
19
28
21
44
35
32
32
40
4
19
15
22
38
46
23
32
25
40
28
18
17
16
7
29
31
26
23
30
18
26
21
23
33
26
23
29
21
33
19
36
26
26
23
42
38
33
26
24
12
26
29
23
41
37
15
33
31
17
37
19
31
38
36
40
35
29
32
2
20
25
24
16
50
31
37
26
16
20
34
43
40
7
24
48
29
36
25
16
25
14
18
19
26
29
17
35
30
44
34
39
28
45
26
17
28
19
20
27
39
21
26
26
10
25
22
15
15
24
26
26
25
29
25
17
30
49
30
29
19
24
31
20
35
28
35
28
28
32
13
20
21
15
39
35
22
35
22
21
15
37
33
35
28
21
37
8
12
38
34
22
25
17
27
34
39
20
36
20
23
27
32
40
28
24
29
28
21
18
20
26
24
32
20
24
30
16
32
31
26
25
34
18
27
15
26
34
47
32
17
26
38
39
24
31
27
38
23
22
28
20
27
32
31
29
35
21
41
27
37
25
39
38
21
32
33
19
27
15
20
42
10
30
25
23
30
34
24
23
10
31
28
28
12
17
25
34
16
30
14
36
28
33
16
19
22
29
19
27
19
46
26
38
22
41
21
28
34
27
26
22
28
23
20
13
31
23
27
28
37
31
8
35
12
29
9
43
27
28
39
33
27
28
30
31
31
33
36
24
21
19
15
4
20
26
29
35
14
37
31
31
31
15
29
40
27
29
20
29
39
28
29
24
40
31
24
31
29
24
25
34
34
35
25
26
29
27
30
29
23
27
38
-4
25
24
29
28
33
16
26
22
34
7
31
29
26
23
29
38
13
33
9
31
33
29
16
28
39
32
30
43
21
10
29
31
36
32
21
19
25
30
33
28
28
32
21
19
18
24
29
39
23
28
22
25
25
22
32
35
27
19
9
30
25
29
30
16
26
14
30
11
9
17
28
43
26
22
21
31
30
24
31
46
32
1
30
26
32
40
40
40
23
32
16
13
33
25
38
35
26
21
20
34
33
32
37
27
27
30
43
35
24
22
24
15
28
31
39
34
29
41
20
29
30
30
30
21
25
10
35
17
14
36
22
29
27
34
33
27
32
16
26
31
3
35
26
32
21
35
19
29
30
25
36
28
18
34
40
37
27
32
35
20
9
36
23
51
22
24
17
37
30
43
12
15
42
20
20
18
35
31
24
31
22
12
32
22
11
18
25
21
34
19
6
42
25
30
30
29
21
25
43
22
19
30
23
21
20
17
14
33
35
23
36
33
33
39
40
34
30
22
41
20
14
25
22
30
23
25
17
19
29
39
7
36
28
11
27
23
29
45
18
25
25
37
23
26
37
36
24
31
10
14
13
22
17
26
6
19
20
17
13
25
26
19
20
38
32
40
29
8
24
29
30
33
19
33
25
1
21
28
28
34
24
25
38
31
38
26
21
33
35
36
23
26
26
32
27
32
28
27
22
14
27
27
33
20
25
36
21
38
40
19
21
34
12
35
23
25
27
24
28
23
11
27
32
11
24
13
23
21
28
32
33
30
38
37
37
3
32
17
32
27
25
37
34
26
14
37
32
27
26
19
31
41
10
33
36
42
22
4
20
29
16
33
25
27
25
13
31
27
31
22
3
30
34
25
27
15
50
40
31
15
40
28
29
22
30
33
28
36
53
48
27
38
26
35
19
32
23
27
29
16
21
29
36
13
36
10
32
22
33
39
26
25
43
26
10
9
12
6
18
29
29
23
31
-3
45
18
32
24
25
33
23
22
29
19
23
23
21
30
16
16
24
31
27
22
31
29
35
17
18
23
23
26
36
26
22
32
26
19
31
31
30
18
36
23
20
42
27
32
26
26
30
21
37
17
30
29
25
24
28
32
8
21
30
29
29
27
21
30
26
24
30
33
21
27
29
23
34
35
18
19
19
20
27
36
34
41
24
15
35
19
30
31
31
35
21
27
31
30
23
20
23
32
15
32
24
20
15
30
27
32
19
22
31
26
21
35
26
27
25
13
26
17
34
26
1
34
39
27
31
32
24
28
22
18
18
27
13
32
21
27
33
30
21
17
35
25
28
13
21
39
16
27
17
18
14
14
36
16
22
32
11
34
25
24
35
20
30
30
23
31
42
31
21
46
15
30
20
34
27
33
23
34
39
34
23
39
17
26
8
22
20
29
19
27
11
11
20
49
22
15
28
30
14
33
29
25
32
26
23
19
33
26
30
35
43
23
41
22
12
27
17
20
15
29
13
17
38
12
35
27
26
25
26
38
19
26
20
29
7
33
24
24
22
15
38
19
28
23
18
12
18
25
37
19
16
44
13
20
33
28
35
30
20
31
41
22
14
39
30
8
19
38
27
46
26
45
33
30
23
19
28
31
34
28
22
17
16
28
17
33
32
35
25
36
21
32
18
28
7
33
13
29
25
25
40
16
37
19
20
23
36
34
43
37
41
29
23
23
17
18
35
37
38
32
29
27
18
22
23
34
38
25
31
24
17
29
31
27
11
42
32
31
29
38
13
37
32
16
30
29
31
25
41
30
33
19
38
39
23
36
18
41
37
29
16
30
32
35
20
27
18
20
25
36
24
25
33
32
15
24
19
12
13
35
23
34
32
19
23
20
35
40
37
17
29
46
21
34
16
19
32
31
19
41
18
26
35
43
21
22
22
20
26
18
42
31
32
32
19
35
9
24
17
32
27
38
23
26
30
22
25
30
29
33
18
23
27
34
27
19
13
25
21
24
26
28
19
42
14
26
17
32
40
27
16
23
40
37
24
25
30
33
28
31
17
6
17
21
30
39
23
13
26
20
24
29
27
28
24
28
31
20
18
36
26
44
7
28
36
39
32
24
25
31
54
24
29
48
19
14
20
27
20
39
27
23
25
28
11
28
26
23
22
4
27
28
23
8
28
26
25
28
15
20
13
18
37
22
25
35
19
27
28
37
24
35
42
25
24
25
27
22
20
30
34
26
17
27
6
23
20
23
17
35
19
26
33
38
19
27
6
20
24
40
30
23
21
23
46
30
40
33
29
27
22
15
43
16
31
29
14
29
34
34
19
27
27
19
38
30
22
41
42
10
16
28
20
18
38
27
29
49
37
10
31
30
17
22
27
24
22
30
21
23
30
39
19
15
31
12
26
24
17
32
25
12
20
21
24
23
38
22
37
33
15
31
18
33
24
17
29
22
24
24
26
22
29
26
17
32
21
36
31
21
36
31
28
37
17
8
38
27
36
19
23
39
32
22
44
38
26
29
6
29
27
18
31
36
44
20
24
44
25
16
10
21
30
17
27
27
13
25
25
30
24
29
41
24
28
37
17
27
31
34
16
17
19
36
31
23
11
37
32
25
14
20
23
26
33
30
22
32
30
30
20
31
22
25
32
38
17
36
25
28
15
33
32
14
22
36
20
9
31
14
25
32
32
26
33
19
40
27
21
41
23
9
34
45
30
19
24
35
31
42
38
20
17
23
29
36
33
22
17
30
22
18
19
36
20
25
32
40
23
26
20
43
8
26
9
12
23
17
24
42
37
38
21
23
21
28
32
30
50
35
28
26
25
11
17
15
13
26
11
42
22
35
27
17
13
43
21
29
43
18
20
26
32
20
23
15
23
17
18
30
28
39
42
22
42
21
31
38
31
19
31
19
36
27
20
25
31
38
32
32
30
20
11
26
36
17
35
30
28
19
35
15
31
37
21
43
21
39
33
31
22
24
17
30
22
30
9
43
27
29
28
9
32
32
36
30
29
28
35
44
28
32
28
19
30
38
23
40
21
37
26
18
28
24
30
13
31
32
36
42
31
30
30
31
23
33
29
14
17
32
37
27
33
33
31
20
26
34
34
26
33
40
25
26
36
30
35
24
26
32
13
32
29
30
40
34
29
23
21
31
6
21
12
24
33
25
47
20
18
30
26
27
32
12
22
28
8
22
26
41
57
29
26
23
10
24
29
37
35
27
35
15
21
18
22
40
23
10
26
29
32
32
30
41
40
40
23
26
29
28
21
32
21
21
28
28
30
23
17
25
33
0
27
32
31
33
37
35
21
25
40
39
30
35
23
16
29
36
9
32
28
21
37
28
28
29
43
14
46
23
29
27
30
26
37
26
31
46
16
34
33
36
35
19
16
12
39
16
27
22
18
19
15
17
10
23
35
17
32
26
28
30
23
27
5
21
46
29
27
40
37
44
25
33
8
22
27
35
29
22
29
28
24
22
57
41
27
20
28
45
11
26
16
22
45
20
29
39
22
35
14
9
23
22
24
38
20
25
32
41
33
18
21
27
29
30
23
37
35
25
23
35
22
22
23
30
14
38
22
31
21
23
36
42
6
34
26
37
34
25
12
43
27
25
35
24
37
22
32
38
40
18
15
24
40
21
22
32
14
33
5
34
25
37
17
23
37
25
33
25
40
29
22
21
20
28
23
28
27
22
17
22
26
43
20
22
24
16
20
33
33
15
24
28
26
24
31
29
20
28
34
43
12
25
21
12
29
37
18
10
28
22
29
37
28
48
