11
17
28
15
18
24
20
24
17
9
23
14
27
13
7
12
28
26
16
12
15
29
16
22
19
18
10
19
18
14
25
18
16
12
18
19
26
17
19
14
20
21
15
14
19
16
16
18
12
20
21
26
23
20
17
22
17
31
18
22
14
19
14
21
20
17
21
23
10
18
17
15
14
10
33
16
20
17
20
19
20
30
19
15
23
14
15
17
13
16
24
16
16
17
19
19
15
17
26
21
16
21
11
15
16
15
25
19
8
26
26
18
17
16
15
20
20
19
11
13
17
18
13
7
30
16
15
14
21
27
14
11
21
11
25
19
21
9
11
24
17
27
15
18
17
12
23
21
14
20
16
17
15
14
37
22
10
29
23
18
23
25
13
18
25
24
14
22
17
32
24
30
26
13
13
16
15
15
15
18
21
17
21
11
20
17
13
16
18
18
12
15
30
20
17
19
15
11
22
28
15
11
21
28
17
16
14
15
22
20
29
18
14
11
14
14
10
14
24
17
17
20
28
15
21
22
14
15
18
26
19
10
11
21
18
18
19
7
15
19
24
25
24
11
20
18
17
22
26
19
15
18
15
21
15
32
17
22
13
19
17
23
14
27
27
13
13
24
15
21
13
32
14
21
28
8
21
19
13
17
26
22
26
13
22
23
24
16
12
25
16
19
24
11
18
25
18
15
16
20
18
21
14
20
14
15
14
25
21
22
14
20
22
26
11
10
10
13
12
12
19
19
14
24
9
11
16
18
20
30
22
19
16
22
12
13
26
17
17
20
17
16
15
17
18
18
16
13
10
9
15
14
15
21
11
20
24
12
11
22
17
24
18
19
27
19
26
14
28
24
11
11
11
15
6
17
14
23
21
12
18
19
17
26
15
13
17
23
17
16
13
30
11
15
18
25
34
19
15
17
15
14
20
18
24
23
19
15
18
26
18
14
