8
11
23
27
19
19
12
9
12
22
27
18
9
17
21
22
17
18
18
15
17
23
14
14
25
10
19
20
17
13
35
21
18
27
16
17
15
15
17
19
21
14
21
18
32
12
9
12
15
13
17
18
17
12
13
19
29
15
24
21
20
14
19
13
20
20
23
28
13
21
18
13
28
30
13
28
25
22
14
14
14
13
28
12
10
11
15
18
17
16
24
22
22
16
14
16
20
16
12
29
23
26
13
25
23
25
15
21
11
17
12
26
6
23
22
14
18
28
20
16
17
20
20
12
16
38
16
30
25
16
12
24
15
11
15
23
22
24
20
16
17
16
26
17
21
17
21
14
32
16
17
6
18
19
21
19
10
22
18
15
16
11
20
9
15
10
19
15
16
23
18
30
25
16
12
16
23
19
23
24
18
7
10
25
19
9
18
17
25
25
18
11
13
16
21
20
17
27
25
19
22
13
19
22
24
30
18
16
21
15
21
25
15
15
17
21
17
14
15
11
13
22
14
16
18
16
9
19
24
18
14
8
15
17
31
30
15
21
16
18
17
20
20
16
18
21
12
12
13
26
14
20
9
28
18
23
17
17
30
13
27
23
12
18
18
13
21
17
18
20
18
23
22
31
9
18
15
17
19
15
15
29
18
20
19
14
28
11
22
14
27
18
26
12
14
14
34
12
30
21
19
20
11
23
28
23
23
15
16
21
9
27
12
15
18
14
22
12
14
15
15
18
23
19
11
10
12
11
21
14
16
16
15
15
14
20
8
15
18
11
23
19
12
19
16
35
25
27
21
15
16
15
30
14
13
10
14
12
10
9
24
21
21
40
17
20
29
19
18
16
19
22
19
18
14
13
13
18
18
24
24
25
28
22
17
17
17
10
18
14
22
14
17
14
14
