15
31
33
14
21
24
21
10
9
12
15
33
12
21
18
40
19
31
18
31
33
16
15
11
32
32
20
27
22
9
14
22
12
34
7
11
19
40
37
39
22
37
18
15
41
11
14
24
17
14
48
22
23
22
8
7
37
21
42
8
33
27
24
35
12
30
13
15
11
36
13
18
27
8
16
23
31
26
12
15
25
18
15
19
22
30
46
27
26
19
17
34
6
14
9
43
26
14
4
14
12
26
29
23
20
18
22
5
18
17
30
11
8
27
21
11
44
15
20
21
20
40
21
23
19
17
19
36
24
27
26
13
22
31
23
27
19
26
23
18
19
24
21
15
21
23
18
19
18
31
39
13
17
10
19
39
17
21
50
18
19
23
24
18
20
27
24
23
15
53
30
14
30
30
20
30
11
26
34
25
29
12
16
27
20
31
24
22
32
12
10
32
12
34
19
33
22
15
29
16
22
19
19
24
27
24
15
28
21
24
21
19
44
26
31
27
37
34
15
23
28
21
12
16
29
16
28
21
11
17
36
35
22
25
28
23
6
17
23
31
14
32
18
17
7
34
16
17
19
16
37
23
38
23
33
21
39
41
18
16
30
28
27
11
28
12
16
29
13
23
14
19
16
13
12
25
22
27
34
21
29
48
28
10
21
18
20
11
13
9
20
38
35
31
19
15
26
17
12
16
14
24
34
18
41
42
42
18
20
32
17
16
16
23
27
19
8
29
12
34
19
29
18
22
8
18
19
15
25
10
61
14
32
9
21
14
28
23
30
18
30
35
37
35
38
44
32
20
13
31
28
21
31
39
16
22
16
70
15
13
16
16
41
33
31
12
23
21
23
25
19
22
16
11
12
7
24
23
39
27
38
39
18
22
15
29
25
42
27
27
18
37
18
21
20
