18
16
12
34
13
17
27
30
19
32
11
25
21
21
27
33
22
28
19
29
24
10
24
11
15
13
37
25
17
26
22
20
36
14
41
27
26
13
12
23
17
19
20
8
12
18
14
26
19
10
30
31
10
15
24
30
23
16
14
17
21
9
10
10
30
19
9
26
39
25
23
18
9
18
25
17
11
9
17
26
45
33
25
13
40
17
13
17
17
18
16
26
31
26
36
18
36
29
30
20
24
28
14
26
12
23
11
24
11
40
21
21
25
26
48
22
16
28
20
17
31
21
46
27
25
31
15
18
45
25
21
38
29
43
26
18
16
25
26
33
23
58
31
23
37
22
40
50
26
25
23
27
15
13
19
25
23
25
24
30
24
24
31
19
11
10
24
19
26
23
23
23
28
33
28
25
21
14
21
38
38
20
26
18
30
10
24
11
25
13
23
36
20
13
19
26
14
28
35
30
17
36
20
26
6
15
12
21
23
31
38
19
15
29
29
18
17
26
12
17
25
27
12
18
15
41
13
27
13
11
31
26
41
28
21
13
24
9
25
29
15
15
19
39
18
30
21
36
6
26
28
18
14
23
16
12
53
14
8
27
19
39
23
31
19
17
26
10
12
14
16
26
24
27
17
14
16
16
17
52
17
31
30
17
27
35
24
36
31
10
9
38
12
36
18
14
14
36
26
12
16
20
23
29
37
20
21
26
33
40
18
25
16
19
23
25
14
25
18
37
31
15
14
39
15
18
15
17
25
36
31
16
17
22
40
18
21
32
22
10
29
26
39
4
12
17
47
21
30
38
28
22
36
14
18
20
20
38
29
16
17
38
16
14
16
39
18
17
26
16
22
21
29
38
10
20
24
28
32
13
26
14
14
34
25
25
29
17
26
11
31
20
18
9
9
21
41
20
20
32
26
22
10
11
16
38
22
24
38
18
24
26
